#Layer_Color=9474304
#
#Feature symbol names
#
$0 r5
$1 r6.6666

#
#Feature attribute names
#

#
#Layer features
#
A -0.0033745 -0.8559801 -0.0033745 -0.8559801 -0.0233745 -0.8559801 1 P 0 N
A -0.0305628 -0.7260965 -0.0305628 -0.7260965 -0.0505628 -0.7260965 1 P 0 N
A -0.0803937 0.5944882 -0.0803937 0.5944882 -0.1003937 0.5944882 1 P 0 N
A -0.1234068 -0.7121539 -0.1234068 -0.7121539 -0.1434068 -0.7121539 1 P 0 N
A -0.1237008 0.6948819 -0.1237008 0.6948819 -0.1437008 0.6948819 1 P 0 N
A -0.1394488 -0.6476378 -0.1394488 -0.6476378 -0.1594488 -0.6476378 1 P 0 N
A -0.1549179 0.5594948 -0.1549179 0.5594948 -0.1749179 0.5594948 1 P 0 N
A -0.1679921 -0.6466535 -0.1679921 -0.6466535 -0.1879921 -0.6466535 1 P 0 N
A -0.1817717 -0.6692913 -0.1817717 -0.6692913 -0.2017717 -0.6692913 1 P 0 N
A -0.1940403 -0.6462522 -0.1940403 -0.6462522 -0.2140403 -0.6462522 1 P 0 N
A -0.2473604 -0.664604 -0.2473604 -0.664604 -0.2673604 -0.664604 1 P 0 N
A -0.2634646 -0.4571066 -0.2634646 -0.4571066 -0.2834646 -0.4571066 1 P 0 N
A -0.2764713 0.659162 -0.2764713 0.659162 -0.2964713 0.659162 1 P 0 N
A -0.322468 -0.6364781 -0.322468 -0.6364781 -0.342468 -0.6364781 1 P 0 N
A -0.3602714 0.611031 -0.3602714 0.611031 -0.3802714 0.611031 1 P 0 N
A -0.3798416 0.4844018 -0.3798416 0.4844018 -0.3998416 0.4844018 1 P 0 N
A -0.3855118 -0.484252 -0.3855118 -0.484252 -0.4055118 -0.484252 1 P 0 N
A -0.3856585 -0.260842 -0.3856585 -0.260842 -0.4056585 -0.260842 1 P 0 N
A -0.40218 0.2331554 -0.40218 0.2331554 -0.42218 0.2331554 1 P 0 N
A -0.4021997 0.3987105 -0.4021997 0.3987105 -0.4221997 0.3987105 1 P 0 N
A -0.4026154 -0.5863327 -0.4026154 -0.5863327 -0.4226154 -0.5863327 1 P 0 N
A -0.4144351 0.3061931 -0.4144351 0.3061931 -0.4344351 0.3061931 1 P 0 N
A -0.4217628 -0.6528601 -0.4217628 -0.6528601 -0.4417628 -0.6528601 1 P 0 N
A -0.4285998 0.5349016 -0.4285998 0.5349016 -0.4485998 0.5349016 1 P 0 N
A -0.4327559 -0.484252 -0.4327559 -0.484252 -0.4527559 -0.484252 1 P 0 N
A -0.4524409 -0.7480315 -0.4524409 -0.7480315 -0.4724409 -0.7480315 1 P 0 N
A -0.4524409 0.757874 -0.4524409 0.757874 -0.4724409 0.757874 1 P 0 N
A -0.4664587 -0.2141169 -0.4664587 -0.2141169 -0.4864587 -0.2141169 1 P 0 N
A -0.5061535 0.4955313 -0.5061535 0.4955313 -0.5261535 0.4955313 1 P 0 N
A -0.5380399 -0.1606676 -0.5380399 -0.1606676 -0.5580399 -0.1606676 1 P 0 N
A -0.5399692 -0.456973 -0.5399692 -0.456973 -0.5599692 -0.456973 1 P 0 N
A -0.5663327 0.4226154 -0.5663327 0.4226154 -0.5863327 0.4226154 1 P 0 N
A -0.5948251 -0.3799723 -0.5948251 -0.3799723 -0.6148251 -0.3799723 1 P 0 N
A -0.6019471 -0.099913 -0.6019471 -0.099913 -0.6219471 -0.099913 1 P 0 N
A -0.6164781 0.342468 -0.6164781 0.342468 -0.6364781 0.342468 1 P 0 N
A -0.6343065 0.2932423 -0.6343065 0.2932423 -0.6543065 0.2932423 1 P 0 N
A -0.639162 -0.2964713 -0.639162 -0.2964713 -0.659162 -0.2964713 1 P 0 N
A -0.6495371 -0.2558322 -0.6495371 -0.2558322 -0.6695371 -0.2558322 1 P 0 N
A -0.6557348 0.2564611 -0.6557348 0.2564611 -0.6757348 0.2564611 1 P 0 N
A -0.6722195 -0.2078966 -0.6722195 -0.2078966 -0.6922195 -0.2078966 1 P 0 N
A -0.6877093 -0.3452767 -0.6877093 -0.3452767 -0.7077093 -0.3452767 1 P 0 N
A -0.693434 -0.1157656 -0.693434 -0.1157656 -0.713434 -0.1157656 1 P 0 N
A -0.6990867 0.0728293 -0.6990867 0.0728293 -0.7190867 0.0728293 1 P 0 N
A -0.7024403 -0.0216531 -0.7024403 -0.0216531 -0.7224403 -0.0216531 1 P 0 N
A -0.7359055 0.2637795 -0.7359055 0.2637795 -0.7559055 0.2637795 1 P 0 N
A -0.7988976 0.2362205 -0.7988976 0.2362205 -0.8188976 0.2362205 1 P 0 N
A -0.8126803 -0.1997295 -0.8126803 -0.1997295 -0.8326803 -0.1997295 1 P 0 N
A -0.8166142 0.1673228 -0.8166142 0.1673228 -0.8366142 0.1673228 1 P 0 N
A 0.0062625 0.4820878 0.0062625 0.4820878 -0.0137375 0.4820878 1 P 0 N
A 0.0087114 0.7152686 0.0087114 0.7152686 -0.0112886 0.7152686 1 P 0 N
A 0.0416535 -0.7224409 0.0416535 -0.7224409 0.0216535 -0.7224409 1 P 0 N
A 0.0438031 -0.6504726 0.0438031 -0.6504726 0.0238031 -0.6504726 1 P 0 N
A 0.0662598 -0.3120079 0.0662598 -0.3120079 0.0462598 -0.3120079 1 P 0 N
A 0.0682121 0.5293049 0.0682121 0.5293049 0.0482121 0.5293049 1 P 0 N
A 0.0790551 0.6850394 0.0790551 0.6850394 0.0590551 0.6850394 1 P 0 N
A 0.0948031 -0.6574803 0.0948031 -0.6574803 0.0748031 -0.6574803 1 P 0 N
A 0.0982109 -0.3311158 0.0982109 -0.3311158 0.0782109 -0.3311158 1 P 0 N
A 0.1184252 -0.3031496 0.1184252 -0.3031496 0.0984252 -0.3031496 1 P 0 N
A 0.1357657 -0.713434 0.1357657 -0.713434 0.1157657 -0.713434 1 P 0 N
A 0.1518898 0.5424449 0.1518898 0.5424449 0.1318898 0.5424449 1 P 0 N
A 0.186066 0.7034279 0.186066 0.7034279 0.166066 0.7034279 1 P 0 N
A 0.2305963 -0.6901456 0.2305963 -0.6901456 0.2105963 -0.6901456 1 P 0 N
A 0.2404724 -0.8267717 0.2404724 -0.8267717 0.2204724 -0.8267717 1 P 0 N
A 0.2749728 0.6792681 0.2749728 0.6792681 0.2549728 0.6792681 1 P 0 N
A 0.2880634 -0.7372035 0.2880634 -0.7372035 0.2680634 -0.7372035 1 P 0 N
A 0.3164714 -0.6591619 0.3164714 -0.6591619 0.2964714 -0.6591619 1 P 0 N
A 0.3231496 -0.8031496 0.3231496 -0.8031496 0.3031496 -0.8031496 1 P 0 N
A 0.3624679 0.6364781 0.3624679 0.6364781 0.3424679 0.6364781 1 P 0 N
A 0.3703937 -0.7165354 0.3703937 -0.7165354 0.3503937 -0.7165354 1 P 0 N
A 0.3782677 -0.2362205 0.3782677 -0.2362205 0.3582677 -0.2362205 1 P 0 N
A 0.3999725 -0.6148251 0.3999725 -0.6148251 0.3799725 -0.6148251 1 P 0 N
A 0.4096705 0.2006941 0.4096705 0.2006941 0.3896705 0.2006941 1 P 0 N
A 0.4159776 0.5954146 0.4159776 0.5954146 0.3959776 0.5954146 1 P 0 N
A 0.4187198 -0.4876713 0.4187198 -0.4876713 0.3987198 -0.4876713 1 P 0 N
A 0.4240999 0.2632501 0.4240999 0.2632501 0.4040999 0.2632501 1 P 0 N
A 0.4412598 0.1062992 0.4412598 0.1062992 0.4212598 0.1062992 1 P 0 N
A 0.4491339 -0.1299213 0.4491339 -0.1299213 0.4291339 -0.1299213 1 P 0 N
A 0.4503517 -0.3119062 0.4503517 -0.3119062 0.4303517 -0.3119062 1 P 0 N
A 0.451975 0.4584738 0.451975 0.4584738 0.431975 0.4584738 1 P 0 N
A 0.4573126 -0.2033595 0.4573126 -0.2033595 0.4373126 -0.2033595 1 P 0 N
A 0.476973 -0.5599691 0.476973 -0.5599691 0.456973 -0.5599691 1 P 0 N
A 0.4825984 -0.757874 0.4825984 -0.757874 0.4625984 -0.757874 1 P 0 N
A 0.504252 0.2165354 0.504252 0.2165354 0.484252 0.2165354 1 P 0 N
A 0.5168028 0.7296347 0.5168028 0.7296347 0.4968028 0.7296347 1 P 0 N
A 0.5298425 0.6801181 0.5298425 0.6801181 0.5098425 0.6801181 1 P 0 N
A 0.5461537 -0.4955313 0.5461537 -0.4955313 0.5261537 -0.4955313 1 P 0 N
A 0.5799692 0.456973 0.5799692 0.456973 0.5599692 0.456973 1 P 0 N
A 0.6063327 -0.4226153 0.6063327 -0.4226153 0.5863327 -0.4226153 1 P 0 N
A 0.6066142 0.1338583 0.6066142 0.1338583 0.5866142 0.1338583 1 P 0 N
A 0.634825 0.3799723 0.634825 0.3799723 0.614825 0.3799723 1 P 0 N
A 0.6412394 0.1042229 0.6412394 0.1042229 0.6212394 0.1042229 1 P 0 N
A 0.6564783 -0.3424679 0.6564783 -0.3424679 0.6364783 -0.3424679 1 P 0 N
A 0.679162 0.2964713 0.679162 0.2964713 0.659162 0.2964713 1 P 0 N
A 0.6957348 -0.2564611 0.6957348 -0.2564611 0.6757348 -0.2564611 1 P 0 N
A 0.7122195 0.2078967 0.7122195 0.2078967 0.6922195 0.2078967 1 P 0 N
A 0.733434 0.1157656 0.733434 0.1157656 0.713434 0.1157656 1 P 0 N
A 0.7343422 0.5686729 0.7343422 0.5686729 0.7143422 0.5686729 1 P 0 N
A 0.7350082 -0.1160022 0.7350082 -0.1160022 0.7150082 -0.1160022 1 P 0 N
A 0.7390867 -0.0728293 0.7390867 -0.0728293 0.7190867 -0.0728293 1 P 0 N
A 0.7424403 0.0216532 0.7424403 0.0216532 0.7224403 0.0216532 1 P 0 N
A 0.7522835 0.523622 0.7522835 0.523622 0.7322835 0.523622 1 P 0 N
A 0.8192126 0.0472441 0.8192126 0.0472441 0.7992126 0.0472441 1 P 0 N
A 0.8483507 -0.1655082 0.8483507 -0.1655082 0.8283507 -0.1655082 1 P 0 N
A 0.8743307 -0.023622 0.8743307 -0.023622 0.8543307 -0.023622 1 P 0 N
L -0.003937 0.2083465 0.016063 0.2483465 0 P 0
L -0.02 -0.02 -0.01 0 0 P 0
L -0.02 -0.02 0 -0.01 0 P 0
L -0.02 -0.2949606 0 -0.3349606 0 P 0
L -0.02 -0.2949606 0.02 -0.2949606 0 P 0
L -0.02 0.02 -0.01 0 0 P 0
L -0.02 0.02 0 0.01 0 P 0
L -0.023937 0.2483465 -0.003937 0.2083465 0 P 0
L -0.023937 0.2483465 0.016063 0.2483465 0 P 0
L -0.0247135 -0.2470393 -0.0047135 -0.2070393 0 P 0
L -0.0324803 0.3441732 -0.0124803 0.3841732 0 P 0
L -0.0447135 -0.2070393 -0.0047135 -0.2070393 0 P 0
L -0.0447135 -0.2070393 -0.0247135 -0.2470393 0 P 0
L -0.0452756 0.4317717 -0.0252756 0.4717717 0 P 0
L -0.0524803 0.3841732 -0.0124803 0.3841732 0 P 0
L -0.0524803 0.3841732 -0.0324803 0.3441732 0 P 0
L -0.0606008 0.2001935 -0.0406008 0.2401935 0 P 0
L -0.0652756 0.4717717 -0.0252756 0.4717717 0 P 0
L -0.0652756 0.4717717 -0.0452756 0.4317717 0 P 0
L -0.0803995 -0.2337605 -0.0603995 -0.1937605 0 P 0
L -0.0806008 0.2401935 -0.0406008 0.2401935 0 P 0
L -0.0806008 0.2401935 -0.0606008 0.2001935 0 P 0
L -0.0826772 -0.7286614 -0.0626772 -0.6886614 0 P 0
L -0.0840715 0.4800073 -0.0640715 0.5200073 0 P 0
L -0.1003995 -0.1937605 -0.0603995 -0.1937605 0 P 0
L -0.1003995 -0.1937605 -0.0803995 -0.2337605 0 P 0
L -0.1026772 -0.6886614 -0.0626772 -0.6886614 0 P 0
L -0.1026772 -0.6886614 -0.0826772 -0.7286614 0 P 0
L -0.1040715 0.5200073 -0.0640715 0.5200073 0 P 0
L -0.1040715 0.5200073 -0.0840715 0.4800073 0 P 0
L -0.1134568 0.1782049 -0.0934568 0.2182049 0 P 0
L -0.1190945 0.343189 -0.0990945 0.383189 0 P 0
L -0.1310337 -0.2070503 -0.1110337 -0.1670503 0 P 0
L -0.1334568 0.2182049 -0.0934568 0.2182049 0 P 0
L -0.1334568 0.2182049 -0.1134568 0.1782049 0 P 0
L -0.1377935 0.2555925 -0.1177935 0.2955925 0 P 0
L -0.1390945 0.383189 -0.0990945 0.383189 0 P 0
L -0.1390945 0.383189 -0.1190945 0.343189 0 P 0
L -0.1510337 -0.1670503 -0.1110337 -0.1670503 0 P 0
L -0.1510337 -0.1670503 -0.1310337 -0.2070503 0 P 0
L -0.1577935 0.2955925 -0.1177935 0.2955925 0 P 0
L -0.1577935 0.2955925 -0.1377935 0.2555925 0 P 0
L -0.1591839 0.1437624 -0.1391839 0.1837624 0 P 0
L -0.1734345 -0.168587 -0.1534345 -0.128587 0 P 0
L -0.1768651 0.4555703 -0.1568651 0.4955703 0 P 0
L -0.1771636 0.2555925 -0.1571636 0.2955925 0 P 0
L -0.1791839 0.1837624 -0.1391839 0.1837624 0 P 0
L -0.1791839 0.1837624 -0.1591839 0.1437624 0 P 0
L -0.1934345 -0.128587 -0.1534345 -0.128587 0 P 0
L -0.1934345 -0.128587 -0.1734345 -0.168587 0 P 0
L -0.1949089 0.0990301 -0.1749089 0.1390301 0 P 0
L -0.1968486 0.2162224 -0.1768486 0.2562224 0 P 0
L -0.1968651 0.4955703 -0.1568651 0.4955703 0 P 0
L -0.1968651 0.4955703 -0.1768651 0.4555703 0 P 0
L -0.1971636 0.2955925 -0.1571636 0.2955925 0 P 0
L -0.1971636 0.2955925 -0.1771636 0.2555925 0 P 0
L -0.199896 0.5087428 -0.189896 0.5087428 0 P 0
L -0.199896 0.5187428 -0.189896 0.5087428 0 P 0
L -0.199896 0.5187428 -0.189896 0.5287428 0 P 0
L -0.199896 0.5287428 -0.189896 0.5287428 0 P 0
L -0.2049378 -0.1207875 -0.1849378 -0.0807875 0 P 0
L -0.209896 0.4987428 -0.199896 0.5087428 0 P 0
L -0.209896 0.5387428 -0.199896 0.5287428 0 P 0
L -0.2149089 0.1390301 -0.1749089 0.1390301 0 P 0
L -0.2149089 0.1390301 -0.1949089 0.0990301 0 P 0
L -0.2165337 0.2555925 -0.1965337 0.2955925 0 P 0
L -0.2165337 0.8067739 -0.1965337 0.8467739 0 P 0
L -0.2168486 0.2562224 -0.1768486 0.2562224 0 P 0
L -0.2168486 0.2562224 -0.1968486 0.2162224 0 P 0
L -0.218387 0.0468186 -0.198387 0.0868186 0 P 0
L -0.219896 0.5087428 -0.209896 0.4987428 0 P 0
L -0.219896 0.5287428 -0.209896 0.5387428 0 P 0
L -0.2235641 -0.0666551 -0.2035641 -0.0266551 0 P 0
L -0.2249378 -0.0807875 -0.1849378 -0.0807875 0 P 0
L -0.2249378 -0.0807875 -0.2049378 -0.1207875 0 P 0
L -0.2281431 -0.0095912 -0.2081431 0.0304088 0 P 0
L -0.2293307 0.6512598 -0.2093307 0.6912598 0 P 0
L -0.229896 0.5087428 -0.219896 0.5087428 0 P 0
L -0.229896 0.5087428 -0.219896 0.5187428 0 P 0
L -0.229896 0.5287428 -0.219896 0.5187428 0 P 0
L -0.229896 0.5287428 -0.219896 0.5287428 0 P 0
L -0.2362187 0.2162224 -0.2162187 0.2562224 0 P 0
L -0.2365337 0.2955925 -0.1965337 0.2955925 0 P 0
L -0.2365337 0.2955925 -0.2165337 0.2555925 0 P 0
L -0.2365337 0.8467739 -0.1965337 0.8467739 0 P 0
L -0.2365337 0.8467739 -0.2165337 0.8067739 0 P 0
L -0.238387 0.0868186 -0.198387 0.0868186 0 P 0
L -0.238387 0.0868186 -0.218387 0.0468186 0 P 0
L -0.2435641 -0.0266551 -0.2035641 -0.0266551 0 P 0
L -0.2435641 -0.0266551 -0.2235641 -0.0666551 0 P 0
L -0.2481431 0.0304088 -0.2081431 0.0304088 0 P 0
L -0.2481431 0.0304088 -0.2281431 -0.0095912 0 P 0
L -0.2493307 0.6912598 -0.2093307 0.6912598 0 P 0
L -0.2493307 0.6912598 -0.2293307 0.6512598 0 P 0
L -0.2519685 -0.5859449 -0.2319685 -0.5459449 0 P 0
L -0.2559038 0.1768523 -0.2359038 0.2168523 0 P 0
L -0.2559038 0.8067739 -0.2359038 0.8467739 0 P 0
L -0.2562187 0.2562224 -0.2162187 0.2562224 0 P 0
L -0.2562187 0.2562224 -0.2362187 0.2162224 0 P 0
L -0.269685 0.499685 -0.249685 0.539685 0 P 0
L -0.2719685 -0.5459449 -0.2319685 -0.5459449 0 P 0
L -0.2719685 -0.5459449 -0.2519685 -0.5859449 0 P 0
L -0.2755888 0.1374822 -0.2555888 0.1774822 0 P 0
L -0.2755888 0.2162224 -0.2555888 0.2562224 0 P 0
L -0.2759038 0.2168523 -0.2359038 0.2168523 0 P 0
L -0.2759038 0.2168523 -0.2559038 0.1768523 0 P 0
L -0.2759038 0.8467739 -0.2359038 0.8467739 0 P 0
L -0.2759038 0.8467739 -0.2559038 0.8067739 0 P 0
L -0.2774764 -0.5825926 -0.2574764 -0.5425926 0 P 0
L -0.2834646 0.2634646 -0.2634646 0.3034646 0 P 0
L -0.289685 0.539685 -0.249685 0.539685 0 P 0
L -0.289685 0.539685 -0.269685 0.499685 0 P 0
L -0.2952739 -0.0593683 -0.2752739 -0.0193683 0 P 0
L -0.2952739 0.0193719 -0.2752739 0.0593719 0 P 0
L -0.2952739 0.0981121 -0.2752739 0.1381121 0 P 0
L -0.2952739 0.1768523 -0.2752739 0.2168523 0 P 0
L -0.2955888 0.1774822 -0.2555888 0.1774822 0 P 0
L -0.2955888 0.1774822 -0.2755888 0.1374822 0 P 0
L -0.2955888 0.2562224 -0.2555888 0.2562224 0 P 0
L -0.2955888 0.2562224 -0.2755888 0.2162224 0 P 0
L -0.2974764 -0.5425926 -0.2574764 -0.5425926 0 P 0
L -0.2974764 -0.5425926 -0.2774764 -0.5825926 0 P 0
L -0.3034646 0.3034646 -0.2634646 0.3034646 0 P 0
L -0.3034646 0.3034646 -0.2834646 0.2634646 0 P 0
L -0.3051249 0.3873921 -0.2951249 0.3873921 0 P 0
L -0.3051249 0.3973921 -0.2951249 0.3873921 0 P 0
L -0.3051249 0.3973921 -0.2951249 0.4073921 0 P 0
L -0.3051249 0.4073921 -0.2951249 0.4073921 0 P 0
L -0.3113717 -0.6615049 -0.2913717 -0.6215049 0 P 0
L -0.3149589 -0.0199982 -0.2949589 0.0200018 0 P 0
L -0.3149589 0.058742 -0.2949589 0.098742 0 P 0
L -0.3149589 0.1374822 -0.2949589 0.1774822 0 P 0
L -0.3149589 0.2162224 -0.2949589 0.2562224 0 P 0
L -0.3151249 0.3773921 -0.3051249 0.3873921 0 P 0
L -0.3151249 0.4173921 -0.3051249 0.4073921 0 P 0
L -0.3152739 -0.0193683 -0.2752739 -0.0193683 0 P 0
L -0.3152739 -0.0193683 -0.2952739 -0.0593683 0 P 0
L -0.3152739 0.0593719 -0.2752739 0.0593719 0 P 0
L -0.3152739 0.0593719 -0.2952739 0.0193719 0 P 0
L -0.3152739 0.1381121 -0.2752739 0.1381121 0 P 0
L -0.3152739 0.1381121 -0.2952739 0.0981121 0 P 0
L -0.3152739 0.2168523 -0.2752739 0.2168523 0 P 0
L -0.3152739 0.2168523 -0.2952739 0.1768523 0 P 0
L -0.321649 -0.6018924 -0.301649 -0.5618924 0 P 0
L -0.3228346 0.2634646 -0.3028346 0.3034646 0 P 0
L -0.3251249 0.3873921 -0.3151249 0.3773921 0 P 0
L -0.3251249 0.4073921 -0.3151249 0.4173921 0 P 0
L -0.3313717 -0.6215049 -0.2913717 -0.6215049 0 P 0
L -0.3313717 -0.6215049 -0.3113717 -0.6615049 0 P 0
L -0.334644 -0.0593683 -0.314644 -0.0193683 0 P 0
L -0.334644 0.0193719 -0.314644 0.0593719 0 P 0
L -0.334644 0.0981121 -0.314644 0.1381121 0 P 0
L -0.334644 0.1768523 -0.314644 0.2168523 0 P 0
L -0.3349589 0.0200018 -0.2949589 0.0200018 0 P 0
L -0.3349589 0.0200018 -0.3149589 -0.0199982 0 P 0
L -0.3349589 0.098742 -0.2949589 0.098742 0 P 0
L -0.3349589 0.098742 -0.3149589 0.058742 0 P 0
L -0.3349589 0.1774822 -0.2949589 0.1774822 0 P 0
L -0.3349589 0.1774822 -0.3149589 0.1374822 0 P 0
L -0.3349589 0.2562224 -0.2949589 0.2562224 0 P 0
L -0.3349589 0.2562224 -0.3149589 0.2162224 0 P 0
L -0.3351249 0.3873921 -0.3251249 0.3873921 0 P 0
L -0.3351249 0.3873921 -0.3251249 0.3973921 0 P 0
L -0.3351249 0.4073921 -0.3251249 0.3973921 0 P 0
L -0.3351249 0.4073921 -0.3251249 0.4073921 0 P 0
L -0.341649 -0.5618924 -0.301649 -0.5618924 0 P 0
L -0.341649 -0.5618924 -0.321649 -0.6018924 0 P 0
L -0.3428346 0.3034646 -0.3028346 0.3034646 0 P 0
L -0.3428346 0.3034646 -0.3228346 0.2634646 0 P 0
L -0.354329 -0.0199982 -0.334329 0.0200018 0 P 0
L -0.354329 0.058742 -0.334329 0.098742 0 P 0
L -0.354329 0.1374822 -0.334329 0.1774822 0 P 0
L -0.354329 0.2162224 -0.334329 0.2562224 0 P 0
L -0.354644 -0.0193683 -0.314644 -0.0193683 0 P 0
L -0.354644 -0.0193683 -0.334644 -0.0593683 0 P 0
L -0.354644 0.0593719 -0.314644 0.0593719 0 P 0
L -0.354644 0.0593719 -0.334644 0.0193719 0 P 0
L -0.354644 0.1381121 -0.314644 0.1381121 0 P 0
L -0.354644 0.1381121 -0.334644 0.0981121 0 P 0
L -0.354644 0.2168523 -0.314644 0.2168523 0 P 0
L -0.354644 0.2168523 -0.334644 0.1768523 0 P 0
L -0.3740141 0.0193719 -0.3540141 0.0593719 0 P 0
L -0.3740141 0.0981121 -0.3540141 0.1381121 0 P 0
L -0.3740141 0.1768523 -0.3540141 0.2168523 0 P 0
L -0.374329 0.0200018 -0.334329 0.0200018 0 P 0
L -0.374329 0.0200018 -0.354329 -0.0199982 0 P 0
L -0.374329 0.098742 -0.334329 0.098742 0 P 0
L -0.374329 0.098742 -0.354329 0.058742 0 P 0
L -0.374329 0.1774822 -0.334329 0.1774822 0 P 0
L -0.374329 0.1774822 -0.354329 0.1374822 0 P 0
L -0.374329 0.2562224 -0.334329 0.2562224 0 P 0
L -0.374329 0.2562224 -0.354329 0.2162224 0 P 0
L -0.3818898 -0.6341732 -0.3618898 -0.5941732 0 P 0
L -0.3936991 0.058742 -0.3736991 0.098742 0 P 0
L -0.3936991 0.1374822 -0.3736991 0.1774822 0 P 0
L -0.3940141 0.0593719 -0.3540141 0.0593719 0 P 0
L -0.3940141 0.0593719 -0.3740141 0.0193719 0 P 0
L -0.3940141 0.1381121 -0.3540141 0.1381121 0 P 0
L -0.3940141 0.1381121 -0.3740141 0.0981121 0 P 0
L -0.3940141 0.2168523 -0.3540141 0.2168523 0 P 0
L -0.3940141 0.2168523 -0.3740141 0.1768523 0 P 0
L -0.4018898 -0.5941732 -0.3618898 -0.5941732 0 P 0
L -0.4018898 -0.5941732 -0.3818898 -0.6341732 0 P 0
L -0.4133842 0.0193719 -0.3933842 0.0593719 0 P 0
L -0.4133842 0.0981121 -0.3933842 0.1381121 0 P 0
L -0.4136991 0.098742 -0.3736991 0.098742 0 P 0
L -0.4136991 0.098742 -0.3936991 0.058742 0 P 0
L -0.4136991 0.1774822 -0.3736991 0.1774822 0 P 0
L -0.4136991 0.1774822 -0.3936991 0.1374822 0 P 0
L -0.4143701 -0.0820079 -0.3943701 -0.0420079 0 P 0
L -0.4330692 0.058742 -0.4130692 0.098742 0 P 0
L -0.4333842 0.0593719 -0.3933842 0.0593719 0 P 0
L -0.4333842 0.0593719 -0.4133842 0.0193719 0 P 0
L -0.4333842 0.1381121 -0.3933842 0.1381121 0 P 0
L -0.4333842 0.1381121 -0.4133842 0.0981121 0 P 0
L -0.4343701 -0.0420079 -0.3943701 -0.0420079 0 P 0
L -0.4343701 -0.0420079 -0.4143701 -0.0820079 0 P 0
L -0.4530692 0.098742 -0.4130692 0.098742 0 P 0
L -0.4530692 0.098742 -0.4330692 0.058742 0 P 0
L -0.512327 0.1970545 -0.492327 0.2370545 0 P 0
L -0.5208512 0.1739653 -0.5008512 0.2139653 0 P 0
L -0.5314945 -0.7680301 -0.5114945 -0.7280301 0 P 0
L -0.5314945 0.7280337 -0.5114945 0.7680337 0 P 0
L -0.532327 0.2370545 -0.492327 0.2370545 0 P 0
L -0.532327 0.2370545 -0.512327 0.1970545 0 P 0
L -0.5408512 0.2139653 -0.5008512 0.2139653 0 P 0
L -0.5408512 0.2139653 -0.5208512 0.1739653 0 P 0
L -0.5511795 -0.72866 -0.5311795 -0.68866 0 P 0
L -0.5511795 0.6886636 -0.5311795 0.7286636 0 P 0
L -0.5514945 -0.7280301 -0.5114945 -0.7280301 0 P 0
L -0.5514945 -0.7280301 -0.5314945 -0.7680301 0 P 0
L -0.5514945 0.7680337 -0.5114945 0.7680337 0 P 0
L -0.5514945 0.7680337 -0.5314945 0.7280337 0 P 0
L -0.5551158 0.2221249 -0.5351158 0.2621249 0 P 0
L -0.5629921 -0.7798425 -0.5429921 -0.7398425 0 P 0
L -0.5640182 0.1989021 -0.5440182 0.2389021 0 P 0
L -0.5708646 -0.6892899 -0.5508646 -0.6492899 0 P 0
L -0.5708646 0.7280337 -0.5508646 0.7680337 0 P 0
L -0.5711795 -0.68866 -0.5311795 -0.68866 0 P 0
L -0.5711795 -0.68866 -0.5511795 -0.72866 0 P 0
L -0.5711795 0.7286636 -0.5311795 0.7286636 0 P 0
L -0.5711795 0.7286636 -0.5511795 0.6886636 0 P 0
L -0.5751158 0.2621249 -0.5351158 0.2621249 0 P 0
L -0.5751158 0.2621249 -0.5551158 0.2221249 0 P 0
L -0.5829921 -0.7398425 -0.5429921 -0.7398425 0 P 0
L -0.5829921 -0.7398425 -0.5629921 -0.7798425 0 P 0
L -0.5840182 0.2389021 -0.5440182 0.2389021 0 P 0
L -0.5840182 0.2389021 -0.5640182 0.1989021 0 P 0
L -0.5905496 -0.6499198 -0.5705496 -0.6099198 0 P 0
L -0.5905496 -0.72866 -0.5705496 -0.68866 0 P 0
L -0.5905496 0.6886636 -0.5705496 0.7286636 0 P 0
L -0.5908646 -0.6492899 -0.5508646 -0.6492899 0 P 0
L -0.5908646 -0.6492899 -0.5708646 -0.6892899 0 P 0
L -0.5908646 0.7680337 -0.5508646 0.7680337 0 P 0
L -0.5908646 0.7680337 -0.5708646 0.7280337 0 P 0
L -0.6023622 0.7240945 -0.5823622 0.7640945 0 P 0
L -0.6102347 -0.6892899 -0.5902347 -0.6492899 0 P 0
L -0.6102347 -0.7680301 -0.5902347 -0.7280301 0 P 0
L -0.6102347 0.6492935 -0.5902347 0.6892935 0 P 0
L -0.6105496 -0.6099198 -0.5705496 -0.6099198 0 P 0
L -0.6105496 -0.6099198 -0.5905496 -0.6499198 0 P 0
L -0.6105496 -0.68866 -0.5705496 -0.68866 0 P 0
L -0.6105496 -0.68866 -0.5905496 -0.72866 0 P 0
L -0.6105496 0.7286636 -0.5705496 0.7286636 0 P 0
L -0.6105496 0.7286636 -0.5905496 0.6886636 0 P 0
L -0.6223622 0.7640945 -0.5823622 0.7640945 0 P 0
L -0.6223622 0.7640945 -0.6023622 0.7240945 0 P 0
L -0.6299197 -0.6499198 -0.6099197 -0.6099198 0 P 0
L -0.6299197 -0.72866 -0.6099197 -0.68866 0 P 0
L -0.6299197 -0.8074002 -0.6099197 -0.7674002 0 P 0
L -0.6299197 0.6099234 -0.6099197 0.6499234 0 P 0
L -0.6299197 0.6886636 -0.6099197 0.7286636 0 P 0
L -0.6299197 0.7674038 -0.6099197 0.8074038 0 P 0
L -0.6302347 -0.6492899 -0.5902347 -0.6492899 0 P 0
L -0.6302347 -0.6492899 -0.6102347 -0.6892899 0 P 0
L -0.6302347 -0.7280301 -0.5902347 -0.7280301 0 P 0
L -0.6302347 -0.7280301 -0.6102347 -0.7680301 0 P 0
L -0.6302347 0.6892935 -0.5902347 0.6892935 0 P 0
L -0.6302347 0.6892935 -0.6102347 0.6492935 0 P 0
L -0.6496048 -0.6892899 -0.6296048 -0.6492899 0 P 0
L -0.6496048 -0.7680301 -0.6296048 -0.7280301 0 P 0
L -0.6496048 0.6492935 -0.6296048 0.6892935 0 P 0
L -0.6496048 0.7280337 -0.6296048 0.7680337 0 P 0
L -0.6499197 -0.6099198 -0.6099197 -0.6099198 0 P 0
L -0.6499197 -0.6099198 -0.6299197 -0.6499198 0 P 0
L -0.6499197 -0.68866 -0.6099197 -0.68866 0 P 0
L -0.6499197 -0.68866 -0.6299197 -0.72866 0 P 0
L -0.6499197 -0.7674002 -0.6099197 -0.7674002 0 P 0
L -0.6499197 -0.7674002 -0.6299197 -0.8074002 0 P 0
L -0.6499197 0.6499234 -0.6099197 0.6499234 0 P 0
L -0.6499197 0.6499234 -0.6299197 0.6099234 0 P 0
L -0.6499197 0.7286636 -0.6099197 0.7286636 0 P 0
L -0.6499197 0.7286636 -0.6299197 0.6886636 0 P 0
L -0.6499197 0.8074038 -0.6099197 0.8074038 0 P 0
L -0.6499197 0.8074038 -0.6299197 0.7674038 0 P 0
L -0.6684649 -0.7762736 -0.6684649 -0.7362736 0 P 0
L -0.669109 0.7322063 -0.669109 0.7722063 0 P 0
L -0.6692898 -0.6499198 -0.6492898 -0.6099198 0 P 0
L -0.6692898 0.6099234 -0.6492898 0.6499234 0 P 0
L -0.6696048 -0.6492899 -0.6296048 -0.6492899 0 P 0
L -0.6696048 -0.6492899 -0.6496048 -0.6892899 0 P 0
L -0.6696048 -0.7280301 -0.6296048 -0.7280301 0 P 0
L -0.6696048 -0.7280301 -0.6496048 -0.7680301 0 P 0
L -0.6696048 0.6892935 -0.6296048 0.6892935 0 P 0
L -0.6696048 0.6892935 -0.6496048 0.6492935 0 P 0
L -0.6696048 0.7680337 -0.6296048 0.7680337 0 P 0
L -0.6696048 0.7680337 -0.6496048 0.7280337 0 P 0
L -0.6754649 0.7804703 -0.6754649 0.8204703 0 P 0
L -0.6773344 -0.8241395 -0.6773344 -0.7841395 0 P 0
L -0.6889749 -0.6105497 -0.6689749 -0.5705497 0 P 0
L -0.6889749 -0.6892899 -0.6689749 -0.6492899 0 P 0
L -0.6889749 0.5705533 -0.6689749 0.6105533 0 P 0
L -0.6889749 0.6492935 -0.6689749 0.6892935 0 P 0
L -0.6892898 -0.6099198 -0.6492898 -0.6099198 0 P 0
L -0.6892898 -0.6099198 -0.6692898 -0.6499198 0 P 0
L -0.6892898 0.6499234 -0.6492898 0.6499234 0 P 0
L -0.6892898 0.6499234 -0.6692898 0.6099234 0 P 0
L -0.689424 -0.7323359 -0.689424 -0.6923359 0 P 0
L -0.6923359 0.689424 -0.6923359 0.729424 0 P 0
L -0.7084649 -0.7362736 -0.6684649 -0.7362736 0 P 0
L -0.7084649 -0.7762736 -0.6684649 -0.7762736 0 P 0
L -0.7084649 -0.7762736 -0.7084649 -0.7362736 0 P 0
L -0.7086599 -0.5711796 -0.6886599 -0.5311796 0 P 0
L -0.7086599 -0.6499198 -0.6886599 -0.6099198 0 P 0
L -0.7086599 0.5311832 -0.6886599 0.5711832 0 P 0
L -0.7086599 0.6099234 -0.6886599 0.6499234 0 P 0
L -0.7089749 -0.5705497 -0.6689749 -0.5705497 0 P 0
L -0.7089749 -0.5705497 -0.6889749 -0.6105497 0 P 0
L -0.7089749 -0.6492899 -0.6689749 -0.6492899 0 P 0
L -0.7089749 -0.6492899 -0.6889749 -0.6892899 0 P 0
L -0.7089749 0.6105533 -0.6689749 0.6105533 0 P 0
L -0.7089749 0.6105533 -0.6889749 0.5705533 0 P 0
L -0.7089749 0.6892935 -0.6689749 0.6892935 0 P 0
L -0.7089749 0.6892935 -0.6889749 0.6492935 0 P 0
L -0.7089757 0.8157808 -0.7089757 0.8557808 0 P 0
L -0.709109 0.7322063 -0.669109 0.7322063 0 P 0
L -0.709109 0.7322063 -0.709109 0.7722063 0 P 0
L -0.709109 0.7722063 -0.669109 0.7722063 0 P 0
L -0.712645 -0.8576504 -0.712645 -0.8176504 0 P 0
L -0.7154649 0.7804703 -0.6754649 0.7804703 0 P 0
L -0.7154649 0.7804703 -0.7154649 0.8204703 0 P 0
L -0.7154649 0.8204703 -0.6754649 0.8204703 0 P 0
L -0.7173344 -0.7841395 -0.6773344 -0.7841395 0 P 0
L -0.7173344 -0.8241395 -0.6773344 -0.8241395 0 P 0
L -0.7173344 -0.8241395 -0.7173344 -0.7841395 0 P 0
L -0.728345 -0.5318095 -0.708345 -0.4918095 0 P 0
L -0.728345 -0.6105497 -0.708345 -0.5705497 0 P 0
L -0.728345 0.4918131 -0.708345 0.5318131 0 P 0
L -0.728345 0.5705533 -0.708345 0.6105533 0 P 0
L -0.7286599 -0.5311796 -0.6886599 -0.5311796 0 P 0
L -0.7286599 -0.5311796 -0.7086599 -0.5711796 0 P 0
L -0.7286599 -0.6099198 -0.6886599 -0.6099198 0 P 0
L -0.7286599 -0.6099198 -0.7086599 -0.6499198 0 P 0
L -0.7286599 0.5711832 -0.6886599 0.5711832 0 P 0
L -0.7286599 0.5711832 -0.7086599 0.5311832 0 P 0
L -0.7286599 0.6499234 -0.6886599 0.6499234 0 P 0
L -0.7286599 0.6499234 -0.7086599 0.6099234 0 P 0
L -0.729424 -0.6923359 -0.689424 -0.6923359 0 P 0
L -0.729424 -0.7323359 -0.689424 -0.7323359 0 P 0
L -0.729424 -0.7323359 -0.729424 -0.6923359 0 P 0
L -0.7322063 -0.709109 -0.7322063 -0.669109 0 P 0
L -0.7323359 0.689424 -0.6923359 0.689424 0 P 0
L -0.7323359 0.689424 -0.7323359 0.729424 0 P 0
L -0.7323359 0.729424 -0.6923359 0.729424 0 P 0
L -0.7362736 0.6684649 -0.7362736 0.7084649 0 P 0
L -0.7477165 -0.7777165 -0.7477165 -0.7577165 0 P 0
L -0.7477165 0.7577165 -0.7477165 0.7777165 0 P 0
L -0.74803 -0.4924394 -0.72803 -0.4524394 0 P 0
L -0.74803 -0.5711796 -0.72803 -0.5311796 0 P 0
L -0.74803 -0.6499198 -0.72803 -0.6099198 0 P 0
L -0.74803 0.452443 -0.72803 0.492443 0 P 0
L -0.74803 0.5311832 -0.72803 0.5711832 0 P 0
L -0.74803 0.6099234 -0.72803 0.6499234 0 P 0
L -0.748345 -0.4918095 -0.708345 -0.4918095 0 P 0
L -0.748345 -0.4918095 -0.728345 -0.5318095 0 P 0
L -0.748345 -0.5705497 -0.708345 -0.5705497 0 P 0
L -0.748345 -0.5705497 -0.728345 -0.6105497 0 P 0
L -0.748345 0.5318131 -0.708345 0.5318131 0 P 0
L -0.748345 0.5318131 -0.728345 0.4918131 0 P 0
L -0.748345 0.6105533 -0.708345 0.6105533 0 P 0
L -0.748345 0.6105533 -0.728345 0.5705533 0 P 0
L -0.7489757 0.8157808 -0.7089757 0.8157808 0 P 0
L -0.7489757 0.8157808 -0.7489757 0.8557808 0 P 0
L -0.7489757 0.8557808 -0.7089757 0.8557808 0 P 0
L -0.752645 -0.8176504 -0.712645 -0.8176504 0 P 0
L -0.752645 -0.8576504 -0.712645 -0.8576504 0 P 0
L -0.752645 -0.8576504 -0.752645 -0.8176504 0 P 0
L -0.7568416 0.8246503 -0.7568416 0.8646503 0 P 0
L -0.7577165 -0.7577165 -0.7477165 -0.7577165 0 P 0
L -0.7577165 -0.7577165 -0.7577165 -0.7477165 0 P 0
L -0.7577165 -0.7777165 -0.7477165 -0.7777165 0 P 0
L -0.7577165 -0.7877165 -0.7577165 -0.7777165 0 P 0
L -0.7577165 0.7477165 -0.7577165 0.7577165 0 P 0
L -0.7577165 0.7577165 -0.7477165 0.7577165 0 P 0
L -0.7577165 0.7777165 -0.7477165 0.7777165 0 P 0
L -0.7577165 0.7777165 -0.7577165 0.7877165 0 P 0
L -0.7598425 -0.5987402 -0.7398425 -0.5587402 0 P 0
L -0.7609089 -0.8640062 -0.7609089 -0.8240062 0 P 0
L -0.7677151 0.5705533 -0.7477151 0.6105533 0 P 0
L -0.76803 -0.4524394 -0.72803 -0.4524394 0 P 0
L -0.76803 -0.4524394 -0.74803 -0.4924394 0 P 0
L -0.76803 -0.5311796 -0.72803 -0.5311796 0 P 0
L -0.76803 -0.5311796 -0.74803 -0.5711796 0 P 0
L -0.76803 -0.6099198 -0.72803 -0.6099198 0 P 0
L -0.76803 -0.6099198 -0.74803 -0.6499198 0 P 0
L -0.76803 0.492443 -0.72803 0.492443 0 P 0
L -0.76803 0.492443 -0.74803 0.452443 0 P 0
L -0.76803 0.5711832 -0.72803 0.5711832 0 P 0
L -0.76803 0.5711832 -0.74803 0.5311832 0 P 0
L -0.76803 0.6499234 -0.72803 0.6499234 0 P 0
L -0.76803 0.6499234 -0.74803 0.6099234 0 P 0
L -0.7722063 -0.669109 -0.7322063 -0.669109 0 P 0
L -0.7722063 -0.709109 -0.7322063 -0.709109 0 P 0
L -0.7722063 -0.709109 -0.7722063 -0.669109 0 P 0
L -0.7762736 0.6684649 -0.7362736 0.6684649 0 P 0
L -0.7762736 0.6684649 -0.7762736 0.7084649 0 P 0
L -0.7762736 0.7084649 -0.7362736 0.7084649 0 P 0
L -0.7777165 -0.7477165 -0.7577165 -0.7477165 0 P 0
L -0.7777165 -0.7577165 -0.7777165 -0.7477165 0 P 0
L -0.7777165 -0.7877165 -0.7577165 -0.7877165 0 P 0
L -0.7777165 -0.7877165 -0.7777165 -0.7777165 0 P 0
L -0.7777165 0.7477165 -0.7577165 0.7477165 0 P 0
L -0.7777165 0.7477165 -0.7777165 0.7577165 0 P 0
L -0.7777165 0.7777165 -0.7777165 0.7877165 0 P 0
L -0.7777165 0.7877165 -0.7577165 0.7877165 0 P 0
L -0.7798425 -0.5587402 -0.7398425 -0.5587402 0 P 0
L -0.7798425 -0.5587402 -0.7598425 -0.5987402 0 P 0
L -0.7804703 -0.7154649 -0.7804703 -0.6754649 0 P 0
L -0.7841395 0.6773344 -0.7841395 0.7173344 0 P 0
L -0.7874001 -0.6499198 -0.7674001 -0.6099198 0 P 0
L -0.7874001 0.6099234 -0.7674001 0.6499234 0 P 0
L -0.7877151 0.6105533 -0.7477151 0.6105533 0 P 0
L -0.7877151 0.6105533 -0.7677151 0.5705533 0 P 0
L -0.7877165 -0.7577165 -0.7777165 -0.7577165 0 P 0
L -0.7877165 -0.7777165 -0.7777165 -0.7777165 0 P 0
L -0.7877165 -0.7777165 -0.7877165 -0.7577165 0 P 0
L -0.7877165 0.7577165 -0.7777165 0.7577165 0 P 0
L -0.7877165 0.7577165 -0.7877165 0.7777165 0 P 0
L -0.7877165 0.7777165 -0.7777165 0.7777165 0 P 0
L -0.7968416 0.8246503 -0.7568416 0.8246503 0 P 0
L -0.7968416 0.8246503 -0.7968416 0.8646503 0 P 0
L -0.7968416 0.8646503 -0.7568416 0.8646503 0 P 0
L -0.8007793 0.8036912 -0.8007793 0.8436912 0 P 0
L -0.8009089 -0.8240062 -0.7609089 -0.8240062 0 P 0
L -0.8009089 -0.8640062 -0.7609089 -0.8640062 0 P 0
L -0.8009089 -0.8640062 -0.8009089 -0.8240062 0 P 0
L -0.8036912 -0.8407793 -0.8036912 -0.8007793 0 P 0
L -0.8074001 -0.6099198 -0.7674001 -0.6099198 0 P 0
L -0.8074001 -0.6099198 -0.7874001 -0.6499198 0 P 0
L -0.8074001 0.6499234 -0.7674001 0.6499234 0 P 0
L -0.8074001 0.6499234 -0.7874001 0.6099234 0 P 0
L -0.8157808 -0.7489757 -0.8157808 -0.7089757 0 P 0
L -0.8176504 0.712645 -0.8176504 0.752645 0 P 0
L -0.8204703 -0.6754649 -0.7804703 -0.6754649 0 P 0
L -0.8204703 -0.7154649 -0.7804703 -0.7154649 0 P 0
L -0.8204703 -0.7154649 -0.8204703 -0.6754649 0 P 0
L -0.8240062 0.7609089 -0.8240062 0.8009089 0 P 0
L -0.8241395 0.6773344 -0.7841395 0.6773344 0 P 0
L -0.8241395 0.6773344 -0.8241395 0.7173344 0 P 0
L -0.8241395 0.7173344 -0.7841395 0.7173344 0 P 0
L -0.8246503 -0.7968416 -0.8246503 -0.7568416 0 P 0
L -0.8407793 0.8036912 -0.8007793 0.8036912 0 P 0
L -0.8407793 0.8036912 -0.8407793 0.8436912 0 P 0
L -0.8407793 0.8436912 -0.8007793 0.8436912 0 P 0
L -0.8436912 -0.8007793 -0.8036912 -0.8007793 0 P 0
L -0.8436912 -0.8407793 -0.8036912 -0.8407793 0 P 0
L -0.8436912 -0.8407793 -0.8436912 -0.8007793 0 P 0
L -0.8557808 -0.7089757 -0.8157808 -0.7089757 0 P 0
L -0.8557808 -0.7489757 -0.8157808 -0.7489757 0 P 0
L -0.8557808 -0.7489757 -0.8557808 -0.7089757 0 P 0
L -0.8576504 0.712645 -0.8176504 0.712645 0 P 0
L -0.8576504 0.712645 -0.8576504 0.752645 0 P 0
L -0.8576504 0.752645 -0.8176504 0.752645 0 P 0
L -0.8640062 0.7609089 -0.8240062 0.7609089 0 P 0
L -0.8640062 0.7609089 -0.8640062 0.8009089 0 P 0
L -0.8640062 0.8009089 -0.8240062 0.8009089 0 P 0
L -0.8646503 -0.7568416 -0.8246503 -0.7568416 0 P 0
L -0.8646503 -0.7968416 -0.8246503 -0.7968416 0 P 0
L -0.8646503 -0.7968416 -0.8646503 -0.7568416 0 P 0
L 0 -0.01 0.02 -0.02 0 P 0
L 0 -0.3349606 0.02 -0.2949606 0 P 0
L 0 0.01 0.02 0.02 0 P 0
L 0.01 0 0.02 -0.02 0 P 0
L 0.01 0 0.02 0.02 0 P 0
L 0.0125253 -0.2060525 0.0325253 -0.2460525 0 P 0
L 0.0125253 -0.2060525 0.0525253 -0.2060525 0 P 0
L 0.0223228 0.3822047 0.0423228 0.3422047 0 P 0
L 0.0223228 0.3822047 0.0623228 0.3822047 0 P 0
L 0.0325253 -0.2460525 0.0525253 -0.2060525 0 P 0
L 0.0329743 0.2421517 0.0529743 0.2021517 0 P 0
L 0.0329743 0.2421517 0.0729743 0.2421517 0 P 0
L 0.0423228 0.3422047 0.0623228 0.3822047 0 P 0
L 0.0529743 0.2021517 0.0729743 0.2421517 0 P 0
L 0.0666142 0.3890945 0.0866142 0.3490945 0 P 0
L 0.0666142 0.3890945 0.1066142 0.3890945 0 P 0
L 0.0677204 -0.1908619 0.0877204 -0.2308619 0 P 0
L 0.0677204 -0.1908619 0.1077204 -0.1908619 0 P 0
L 0.0865569 0.2219983 0.1065569 0.1819983 0 P 0
L 0.0865569 0.2219983 0.1265569 0.2219983 0 P 0
L 0.0866142 0.3490945 0.1066142 0.3890945 0 P 0
L 0.0877204 -0.2308619 0.1077204 -0.1908619 0 P 0
L 0.1065569 0.1819983 0.1265569 0.2219983 0 P 0
L 0.1115919 0.5100325 0.1315919 0.4700325 0 P 0
L 0.1115919 0.5100325 0.1515919 0.5100325 0 P 0
L 0.1174037 -0.1624221 0.1374037 -0.2024221 0 P 0
L 0.1174037 -0.1624221 0.1574037 -0.1624221 0 P 0
L 0.1315919 0.4700325 0.1515919 0.5100325 0 P 0
L 0.1334441 0.1891525 0.1534441 0.1491525 0 P 0
L 0.1334441 0.1891525 0.1734441 0.1891525 0 P 0
L 0.1374037 -0.2024221 0.1574037 -0.1624221 0 P 0
L 0.1409593 -0.4419273 0.1609593 -0.4819273 0 P 0
L 0.1409593 -0.4419273 0.1809593 -0.4419273 0 P 0
L 0.1443701 0.5514961 0.1643701 0.5114961 0 P 0
L 0.1443701 0.5514961 0.1843701 0.5514961 0 P 0
L 0.1534441 0.1491525 0.1734441 0.1891525 0 P 0
L 0.1584534 -0.12252 0.1784534 -0.16252 0 P 0
L 0.1584534 -0.12252 0.1984534 -0.12252 0 P 0
L 0.1609593 -0.4819273 0.1809593 -0.4419273 0 P 0
L 0.1643701 0.5114961 0.1843701 0.5514961 0 P 0
L 0.1706899 0.1456783 0.1906899 0.1056783 0 P 0
L 0.1706899 0.1456783 0.2106899 0.1456783 0 P 0
L 0.1729134 -0.3422047 0.1929134 -0.3822047 0 P 0
L 0.1729134 -0.3422047 0.2129134 -0.3422047 0 P 0
L 0.1784534 -0.16252 0.1984534 -0.12252 0 P 0
L 0.1882903 -0.073663 0.2082903 -0.113663 0 P 0
L 0.1882903 -0.073663 0.2282903 -0.073663 0 P 0
L 0.1906899 0.1056783 0.2106899 0.1456783 0 P 0
L 0.1925984 -0.3618898 0.2125984 -0.4018898 0 P 0
L 0.1925984 -0.3618898 0.2325984 -0.3618898 0 P 0
L 0.1929134 -0.3822047 0.2129134 -0.3422047 0 P 0
L 0.1959539 0.0943072 0.2159539 0.0543072 0 P 0
L 0.1959539 0.0943072 0.2359539 0.0943072 0 P 0
L 0.1965374 0.2955925 0.2165374 0.2555925 0 P 0
L 0.1965374 0.2955925 0.2365374 0.2955925 0 P 0
L 0.1994882 0.5283858 0.2094882 0.5283858 0 P 0
L 0.1994882 0.5283858 0.2094882 0.5383858 0 P 0
L 0.1994882 0.5483858 0.2094882 0.5383858 0 P 0
L 0.1994882 0.5483858 0.2094882 0.5483858 0 P 0
L 0.2004724 -0.2122835 0.2204724 -0.2522835 0 P 0
L 0.2004724 -0.2122835 0.2404724 -0.2122835 0 P 0
L 0.2024409 0.7011024 0.2224409 0.6611024 0 P 0
L 0.2024409 0.7011024 0.2424409 0.7011024 0 P 0
L 0.2050396 -0.0189207 0.2250396 -0.0589207 0 P 0
L 0.2050396 -0.0189207 0.2450396 -0.0189207 0 P 0
L 0.2076487 0.0382671 0.2276487 -0.0017329 0 P 0
L 0.2076487 0.0382671 0.2476487 0.0382671 0 P 0
L 0.2082903 -0.113663 0.2282903 -0.073663 0 P 0
L 0.2094882 0.5283858 0.2194882 0.5183858 0 P 0
L 0.2094882 0.5483858 0.2194882 0.5583858 0 P 0
L 0.2122835 -0.3422047 0.2322835 -0.3822047 0 P 0
L 0.2122835 -0.3422047 0.2522835 -0.3422047 0 P 0
L 0.2125984 -0.4018898 0.2325984 -0.3618898 0 P 0
L 0.2159539 0.0543072 0.2359539 0.0943072 0 P 0
L 0.2162225 0.2562224 0.2362225 0.2162224 0 P 0
L 0.2162225 0.2562224 0.2562225 0.2562224 0 P 0
L 0.2165374 0.2555925 0.2365374 0.2955925 0 P 0
L 0.2194882 0.5183858 0.2294882 0.5283858 0 P 0
L 0.2194882 0.5583858 0.2294882 0.5483858 0 P 0
L 0.2204724 -0.2522835 0.2404724 -0.2122835 0 P 0
L 0.2224409 0.6611024 0.2424409 0.7011024 0 P 0
L 0.2250396 -0.0589207 0.2450396 -0.0189207 0 P 0
L 0.2276487 -0.0017329 0.2476487 0.0382671 0 P 0
L 0.2294882 0.5283858 0.2394882 0.5283858 0 P 0
L 0.2294882 0.5383858 0.2394882 0.5283858 0 P 0
L 0.2294882 0.5383858 0.2394882 0.5483858 0 P 0
L 0.2294882 0.5483858 0.2394882 0.5483858 0 P 0
L 0.2322835 -0.3822047 0.2522835 -0.3422047 0 P 0
L 0.2359075 0.2955925 0.2559075 0.2555925 0 P 0
L 0.2359075 0.2955925 0.2759075 0.2955925 0 P 0
L 0.2362225 0.2162224 0.2562225 0.2562224 0 P 0
L 0.2555926 -0.2162188 0.2755926 -0.2562188 0 P 0
L 0.2555926 -0.2162188 0.2955926 -0.2162188 0 P 0
L 0.2555926 0.2562224 0.2755926 0.2162224 0 P 0
L 0.2555926 0.2562224 0.2955926 0.2562224 0 P 0
L 0.2555926 0.3349626 0.2755926 0.2949626 0 P 0
L 0.2555926 0.3349626 0.2955926 0.3349626 0 P 0
L 0.2559075 0.2555925 0.2759075 0.2955925 0 P 0
L 0.2605118 0.5377165 0.2805118 0.4977165 0 P 0
L 0.2605118 0.5377165 0.3005118 0.5377165 0 P 0
L 0.2713386 -0.3855118 0.2913386 -0.4255118 0 P 0
L 0.2713386 -0.3855118 0.3113386 -0.3855118 0 P 0
L 0.2752776 -0.0193683 0.2952776 -0.0593683 0 P 0
L 0.2752776 -0.0193683 0.3152776 -0.0193683 0 P 0
L 0.2752776 -0.0981085 0.2952776 -0.1381085 0 P 0
L 0.2752776 -0.0981085 0.3152776 -0.0981085 0 P 0
L 0.2752776 -0.1768487 0.2952776 -0.2168487 0 P 0
L 0.2752776 -0.1768487 0.3152776 -0.1768487 0 P 0
L 0.2752776 0.0593719 0.2952776 0.0193719 0 P 0
L 0.2752776 0.0593719 0.3152776 0.0593719 0 P 0
L 0.2752776 0.2168523 0.2952776 0.1768523 0 P 0
L 0.2752776 0.2168523 0.3152776 0.2168523 0 P 0
L 0.2752776 0.2955925 0.2952776 0.2555925 0 P 0
L 0.2752776 0.2955925 0.3152776 0.2955925 0 P 0
L 0.2755926 -0.2562188 0.2955926 -0.2162188 0 P 0
L 0.2755926 0.2162224 0.2955926 0.2562224 0 P 0
L 0.2755926 0.2949626 0.2955926 0.3349626 0 P 0
L 0.2805118 0.4977165 0.3005118 0.5377165 0 P 0
L 0.2913386 -0.4255118 0.3113386 -0.3855118 0 P 0
L 0.2949627 -0.0587384 0.3149627 -0.0987384 0 P 0
L 0.2949627 -0.0587384 0.3349627 -0.0587384 0 P 0
L 0.2949627 0.0200018 0.3149627 -0.0199982 0 P 0
L 0.2949627 0.0200018 0.3349627 0.0200018 0 P 0
L 0.2949627 0.1774822 0.3149627 0.1374822 0 P 0
L 0.2949627 0.1774822 0.3349627 0.1774822 0 P 0
L 0.2952776 -0.0593683 0.3152776 -0.0193683 0 P 0
L 0.2952776 -0.1381085 0.3152776 -0.0981085 0 P 0
L 0.2952776 -0.2168487 0.3152776 -0.1768487 0 P 0
L 0.2952776 0.0193719 0.3152776 0.0593719 0 P 0
L 0.2952776 0.1768523 0.3152776 0.2168523 0 P 0
L 0.2952776 0.2555925 0.3152776 0.2955925 0 P 0
L 0.3028346 -0.4170079 0.3228346 -0.4570079 0 P 0
L 0.3028346 -0.4170079 0.3428346 -0.4170079 0 P 0
L 0.3067717 -0.468189 0.3267717 -0.508189 0 P 0
L 0.3067717 -0.468189 0.3467717 -0.468189 0 P 0
L 0.3146457 -0.3855118 0.3346457 -0.4255118 0 P 0
L 0.3146457 -0.3855118 0.3546457 -0.3855118 0 P 0
L 0.3149627 -0.0199982 0.3349627 0.0200018 0 P 0
L 0.3149627 -0.0987384 0.3349627 -0.0587384 0 P 0
L 0.3149627 0.1374822 0.3349627 0.1774822 0 P 0
L 0.3228346 -0.4570079 0.3428346 -0.4170079 0 P 0
L 0.3264567 0.5209843 0.3464567 0.4809843 0 P 0
L 0.3264567 0.5209843 0.3664567 0.5209843 0 P 0
L 0.3267717 -0.508189 0.3467717 -0.468189 0 P 0
L 0.3343328 -0.294959 0.3543328 -0.334959 0 P 0
L 0.3343328 -0.294959 0.3743328 -0.294959 0 P 0
L 0.3343328 0.1774822 0.3543328 0.1374822 0 P 0
L 0.3343328 0.1774822 0.3743328 0.1774822 0 P 0
L 0.3346457 -0.4255118 0.3546457 -0.3855118 0 P 0
L 0.3464567 0.4809843 0.3664567 0.5209843 0 P 0
L 0.3540178 0.1381121 0.3740178 0.0981121 0 P 0
L 0.3540178 0.1381121 0.3940178 0.1381121 0 P 0
L 0.3543328 -0.334959 0.3743328 -0.294959 0 P 0
L 0.3543328 0.1374822 0.3743328 0.1774822 0 P 0
L 0.3717323 -0.3983071 0.3917323 -0.4383071 0 P 0
L 0.3717323 -0.3983071 0.4117323 -0.3983071 0 P 0
L 0.3737008 -0.0193701 0.3937008 -0.0593701 0 P 0
L 0.3737008 -0.0193701 0.4137008 -0.0193701 0 P 0
L 0.3737008 -0.0646457 0.3937008 -0.1046457 0 P 0
L 0.3737008 -0.0646457 0.4137008 -0.0646457 0 P 0
L 0.3737008 0.031811 0.3937008 -0.008189 0 P 0
L 0.3737008 0.031811 0.4137008 0.031811 0 P 0
L 0.3737029 0.098742 0.3937029 0.058742 0 P 0
L 0.3737029 0.098742 0.4137029 0.098742 0 P 0
L 0.3740178 0.0981121 0.3940178 0.1381121 0 P 0
L 0.3917323 -0.4383071 0.4117323 -0.3983071 0 P 0
L 0.3933879 -0.2555889 0.4133879 -0.2955889 0 P 0
L 0.3933879 -0.2555889 0.4333879 -0.2555889 0 P 0
L 0.3937008 -0.008189 0.4137008 0.031811 0 P 0
L 0.3937008 -0.0593701 0.4137008 -0.0193701 0 P 0
L 0.3937008 -0.1046457 0.4137008 -0.0646457 0 P 0
L 0.3937029 0.058742 0.4137029 0.098742 0 P 0
L 0.4133879 -0.2955889 0.4333879 -0.2555889 0 P 0
L 0.4366929 -0.4051969 0.4566929 -0.4451969 0 P 0
L 0.4366929 -0.4051969 0.4766929 -0.4051969 0 P 0
L 0.4566929 -0.4451969 0.4766929 -0.4051969 0 P 0
L 0.5114982 -0.7280301 0.5314982 -0.7680301 0 P 0
L 0.5114982 -0.7280301 0.5514982 -0.7280301 0 P 0
L 0.5114982 0.7680337 0.5314982 0.7280337 0 P 0
L 0.5114982 0.7680337 0.5514982 0.7680337 0 P 0
L 0.5311833 -0.68866 0.5511833 -0.72866 0 P 0
L 0.5311833 -0.68866 0.5711833 -0.68866 0 P 0
L 0.5311833 0.7286636 0.5511833 0.6886636 0 P 0
L 0.5311833 0.7286636 0.5711833 0.7286636 0 P 0
L 0.5314982 -0.7680301 0.5514982 -0.7280301 0 P 0
L 0.5314982 0.7280337 0.5514982 0.7680337 0 P 0
L 0.5508683 -0.7280301 0.5708683 -0.7680301 0 P 0
L 0.5508683 -0.7280301 0.5908683 -0.7280301 0 P 0
L 0.5508683 0.7680337 0.5708683 0.7280337 0 P 0
L 0.5508683 0.7680337 0.5908683 0.7680337 0 P 0
L 0.5511833 -0.72866 0.5711833 -0.68866 0 P 0
L 0.5511833 0.6886636 0.5711833 0.7286636 0 P 0
L 0.5705534 -0.68866 0.5905534 -0.72866 0 P 0
L 0.5705534 -0.68866 0.6105534 -0.68866 0 P 0
L 0.5705534 0.7286636 0.5905534 0.6886636 0 P 0
L 0.5705534 0.7286636 0.6105534 0.7286636 0 P 0
L 0.5708683 -0.7680301 0.5908683 -0.7280301 0 P 0
L 0.5708683 0.7280337 0.5908683 0.7680337 0 P 0
L 0.5902384 -0.6492899 0.6102384 -0.6892899 0 P 0
L 0.5902384 -0.6492899 0.6302384 -0.6492899 0 P 0
L 0.5902384 -0.7280301 0.6102384 -0.7680301 0 P 0
L 0.5902384 -0.7280301 0.6302384 -0.7280301 0 P 0
L 0.5902384 0.7680337 0.6102384 0.7280337 0 P 0
L 0.5902384 0.7680337 0.6302384 0.7680337 0 P 0
L 0.5905534 -0.72866 0.6105534 -0.68866 0 P 0
L 0.5905534 0.6886636 0.6105534 0.7286636 0 P 0
L 0.6099235 -0.6099198 0.6299235 -0.6499198 0 P 0
L 0.6099235 -0.6099198 0.6499235 -0.6099198 0 P 0
L 0.6099235 -0.68866 0.6299235 -0.72866 0 P 0
L 0.6099235 -0.68866 0.6499235 -0.68866 0 P 0
L 0.6099235 -0.7674002 0.6299235 -0.8074002 0 P 0
L 0.6099235 -0.7674002 0.6499235 -0.7674002 0 P 0
L 0.6099235 0.7286636 0.6299235 0.6886636 0 P 0
L 0.6099235 0.7286636 0.6499235 0.7286636 0 P 0
L 0.6099235 0.8074038 0.6299235 0.7674038 0 P 0
L 0.6099235 0.8074038 0.6499235 0.8074038 0 P 0
L 0.6102384 -0.6892899 0.6302384 -0.6492899 0 P 0
L 0.6102384 -0.7680301 0.6302384 -0.7280301 0 P 0
L 0.6102384 0.7280337 0.6302384 0.7680337 0 P 0
L 0.6296085 -0.6492899 0.6496085 -0.6892899 0 P 0
L 0.6296085 -0.6492899 0.6696085 -0.6492899 0 P 0
L 0.6296085 -0.7280301 0.6496085 -0.7680301 0 P 0
L 0.6296085 -0.7280301 0.6696085 -0.7280301 0 P 0
L 0.6296085 0.6892935 0.6496085 0.6492935 0 P 0
L 0.6296085 0.6892935 0.6696085 0.6892935 0 P 0
L 0.6296085 0.7680337 0.6496085 0.7280337 0 P 0
L 0.6296085 0.7680337 0.6696085 0.7680337 0 P 0
L 0.6299235 -0.6499198 0.6499235 -0.6099198 0 P 0
L 0.6299235 -0.72866 0.6499235 -0.68866 0 P 0
L 0.6299235 -0.8074002 0.6499235 -0.7674002 0 P 0
L 0.6299235 0.6886636 0.6499235 0.7286636 0 P 0
L 0.6299235 0.7674038 0.6499235 0.8074038 0 P 0
L 0.6492936 -0.6099198 0.6692936 -0.6499198 0 P 0
L 0.6492936 -0.6099198 0.6892936 -0.6099198 0 P 0
L 0.6496085 -0.6892899 0.6696085 -0.6492899 0 P 0
L 0.6496085 -0.7680301 0.6696085 -0.7280301 0 P 0
L 0.6496085 0.6492935 0.6696085 0.6892935 0 P 0
L 0.6496085 0.7280337 0.6696085 0.7680337 0 P 0
L 0.6684649 0.7362736 0.6684649 0.7762736 0 P 0
L 0.6684649 0.7362736 0.7084649 0.7362736 0 P 0
L 0.6684649 0.7762736 0.7084649 0.7762736 0 P 0
L 0.6689786 -0.5705497 0.6889786 -0.6105497 0 P 0
L 0.6689786 -0.5705497 0.7089786 -0.5705497 0 P 0
L 0.6689786 -0.6492899 0.6889786 -0.6892899 0 P 0
L 0.6689786 -0.6492899 0.7089786 -0.6492899 0 P 0
L 0.6689786 0.6892935 0.6889786 0.6492935 0 P 0
L 0.6689786 0.6892935 0.7089786 0.6892935 0 P 0
L 0.669109 -0.7322063 0.709109 -0.7322063 0 P 0
L 0.669109 -0.7722063 0.669109 -0.7322063 0 P 0
L 0.669109 -0.7722063 0.709109 -0.7722063 0 P 0
L 0.6692936 -0.6499198 0.6892936 -0.6099198 0 P 0
L 0.6754649 -0.7804703 0.7154649 -0.7804703 0 P 0
L 0.6754649 -0.8204703 0.6754649 -0.7804703 0 P 0
L 0.6754649 -0.8204703 0.7154649 -0.8204703 0 P 0
L 0.6773344 0.7841395 0.6773344 0.8241395 0 P 0
L 0.6773344 0.7841395 0.7173344 0.7841395 0 P 0
L 0.6773344 0.8241395 0.7173344 0.8241395 0 P 0
L 0.6886614 -0.6138583 0.7086614 -0.6538583 0 P 0
L 0.6886614 -0.6138583 0.7286614 -0.6138583 0 P 0
L 0.6886637 -0.5311796 0.7086637 -0.5711796 0 P 0
L 0.6886637 -0.5311796 0.7286637 -0.5311796 0 P 0
L 0.6886637 0.6499234 0.7086637 0.6099234 0 P 0
L 0.6886637 0.6499234 0.7286637 0.6499234 0 P 0
L 0.6889786 -0.6105497 0.7089786 -0.5705497 0 P 0
L 0.6889786 -0.6892899 0.7089786 -0.6492899 0 P 0
L 0.6889786 0.6492935 0.7089786 0.6892935 0 P 0
L 0.689424 0.6923359 0.689424 0.7323359 0 P 0
L 0.689424 0.6923359 0.729424 0.6923359 0 P 0
L 0.689424 0.7323359 0.729424 0.7323359 0 P 0
L 0.6923359 -0.689424 0.7323359 -0.689424 0 P 0
L 0.6923359 -0.729424 0.6923359 -0.689424 0 P 0
L 0.6923359 -0.729424 0.7323359 -0.729424 0 P 0
L 0.7083487 -0.4918095 0.7283487 -0.5318095 0 P 0
L 0.7083487 -0.4918095 0.7483487 -0.4918095 0 P 0
L 0.7083487 -0.5705497 0.7283487 -0.6105497 0 P 0
L 0.7083487 -0.5705497 0.7483487 -0.5705497 0 P 0
L 0.7084649 0.7362736 0.7084649 0.7762736 0 P 0
L 0.7086614 -0.6538583 0.7286614 -0.6138583 0 P 0
L 0.7086637 -0.5711796 0.7286637 -0.5311796 0 P 0
L 0.7086637 0.6099234 0.7286637 0.6499234 0 P 0
L 0.7089757 -0.8157808 0.7489757 -0.8157808 0 P 0
L 0.7089757 -0.8557808 0.7089757 -0.8157808 0 P 0
L 0.7089757 -0.8557808 0.7489757 -0.8557808 0 P 0
L 0.709109 -0.7722063 0.709109 -0.7322063 0 P 0
L 0.712645 0.8176504 0.712645 0.8576504 0 P 0
L 0.712645 0.8176504 0.752645 0.8176504 0 P 0
L 0.712645 0.8576504 0.752645 0.8576504 0 P 0
L 0.7154649 -0.8204703 0.7154649 -0.7804703 0 P 0
L 0.7173344 0.7841395 0.7173344 0.8241395 0 P 0
L 0.7280338 -0.4524394 0.7480338 -0.4924394 0 P 0
L 0.7280338 -0.4524394 0.7680338 -0.4524394 0 P 0
L 0.7280338 -0.5311796 0.7480338 -0.5711796 0 P 0
L 0.7280338 -0.5311796 0.7680338 -0.5311796 0 P 0
L 0.7280338 -0.6099198 0.7480338 -0.6499198 0 P 0
L 0.7280338 -0.6099198 0.7680338 -0.6099198 0 P 0
L 0.7280338 0.492443 0.7480338 0.452443 0 P 0
L 0.7280338 0.492443 0.7680338 0.492443 0 P 0
L 0.7283487 -0.5318095 0.7483487 -0.4918095 0 P 0
L 0.7283487 -0.6105497 0.7483487 -0.5705497 0 P 0
L 0.729424 0.6923359 0.729424 0.7323359 0 P 0
L 0.7322063 0.669109 0.7322063 0.709109 0 P 0
L 0.7322063 0.669109 0.7722063 0.669109 0 P 0
L 0.7322063 0.709109 0.7722063 0.709109 0 P 0
L 0.7323359 -0.729424 0.7323359 -0.689424 0 P 0
L 0.7362736 -0.6684649 0.7762736 -0.6684649 0 P 0
L 0.7362736 -0.7084649 0.7362736 -0.6684649 0 P 0
L 0.7362736 -0.7084649 0.7762736 -0.7084649 0 P 0
L 0.7437795 0.6420472 0.7637795 0.6020472 0 P 0
L 0.7437795 0.6420472 0.7837795 0.6420472 0 P 0
L 0.7477165 -0.7577165 0.7577165 -0.7577165 0 P 0
L 0.7477165 -0.7777165 0.7477165 -0.7577165 0 P 0
L 0.7477165 -0.7777165 0.7577165 -0.7777165 0 P 0
L 0.7477165 0.7577165 0.7477165 0.7777165 0 P 0
L 0.7477165 0.7577165 0.7577165 0.7577165 0 P 0
L 0.7477165 0.7777165 0.7577165 0.7777165 0 P 0
L 0.7477188 -0.5705497 0.7677188 -0.6105497 0 P 0
L 0.7477188 -0.5705497 0.7877188 -0.5705497 0 P 0
L 0.7477188 0.6105533 0.7677188 0.5705533 0 P 0
L 0.7477188 0.6105533 0.7877188 0.6105533 0 P 0
L 0.7480338 -0.4924394 0.7680338 -0.4524394 0 P 0
L 0.7480338 -0.5711796 0.7680338 -0.5311796 0 P 0
L 0.7480338 -0.6499198 0.7680338 -0.6099198 0 P 0
L 0.7480338 0.452443 0.7680338 0.492443 0 P 0
L 0.7489757 -0.8557808 0.7489757 -0.8157808 0 P 0
L 0.752645 0.8176504 0.752645 0.8576504 0 P 0
L 0.7568416 -0.8246503 0.7968416 -0.8246503 0 P 0
L 0.7568416 -0.8646503 0.7568416 -0.8246503 0 P 0
L 0.7568416 -0.8646503 0.7968416 -0.8646503 0 P 0
L 0.7577165 -0.7477165 0.7777165 -0.7477165 0 P 0
L 0.7577165 -0.7577165 0.7577165 -0.7477165 0 P 0
L 0.7577165 -0.7877165 0.7577165 -0.7777165 0 P 0
L 0.7577165 -0.7877165 0.7777165 -0.7877165 0 P 0
L 0.7577165 0.7477165 0.7577165 0.7577165 0 P 0
L 0.7577165 0.7477165 0.7777165 0.7477165 0 P 0
L 0.7577165 0.7777165 0.7577165 0.7877165 0 P 0
L 0.7577165 0.7877165 0.7777165 0.7877165 0 P 0
L 0.7609089 0.8240062 0.7609089 0.8640062 0 P 0
L 0.7609089 0.8240062 0.8009089 0.8240062 0 P 0
L 0.7609089 0.8640062 0.8009089 0.8640062 0 P 0
L 0.7637795 0.6020472 0.7837795 0.6420472 0 P 0
L 0.7674039 -0.6099198 0.7874039 -0.6499198 0 P 0
L 0.7674039 -0.6099198 0.8074039 -0.6099198 0 P 0
L 0.7677188 -0.6105497 0.7877188 -0.5705497 0 P 0
L 0.7677188 0.5705533 0.7877188 0.6105533 0 P 0
L 0.7722063 0.669109 0.7722063 0.709109 0 P 0
L 0.7762736 -0.7084649 0.7762736 -0.6684649 0 P 0
L 0.7777165 -0.7577165 0.7777165 -0.7477165 0 P 0
L 0.7777165 -0.7577165 0.7877165 -0.7577165 0 P 0
L 0.7777165 -0.7777165 0.7877165 -0.7777165 0 P 0
L 0.7777165 -0.7877165 0.7777165 -0.7777165 0 P 0
L 0.7777165 0.7477165 0.7777165 0.7577165 0 P 0
L 0.7777165 0.7577165 0.7877165 0.7577165 0 P 0
L 0.7777165 0.7777165 0.7777165 0.7877165 0 P 0
L 0.7777165 0.7777165 0.7877165 0.7777165 0 P 0
L 0.7804703 0.6754649 0.7804703 0.7154649 0 P 0
L 0.7804703 0.6754649 0.8204703 0.6754649 0 P 0
L 0.7804703 0.7154649 0.8204703 0.7154649 0 P 0
L 0.7841395 -0.6773344 0.8241395 -0.6773344 0 P 0
L 0.7841395 -0.7173344 0.7841395 -0.6773344 0 P 0
L 0.7841395 -0.7173344 0.8241395 -0.7173344 0 P 0
L 0.7874039 -0.6499198 0.8074039 -0.6099198 0 P 0
L 0.7877165 -0.7777165 0.7877165 -0.7577165 0 P 0
L 0.7877165 0.7577165 0.7877165 0.7777165 0 P 0
L 0.7968416 -0.8646503 0.7968416 -0.8246503 0 P 0
L 0.8007793 -0.8036912 0.8407793 -0.8036912 0 P 0
L 0.8007793 -0.8436912 0.8007793 -0.8036912 0 P 0
L 0.8007793 -0.8436912 0.8407793 -0.8436912 0 P 0
L 0.8009089 0.8240062 0.8009089 0.8640062 0 P 0
L 0.8036912 0.8007793 0.8036912 0.8407793 0 P 0
L 0.8036912 0.8007793 0.8436912 0.8007793 0 P 0
L 0.8036912 0.8407793 0.8436912 0.8407793 0 P 0
L 0.8157808 0.7089757 0.8157808 0.7489757 0 P 0
L 0.8157808 0.7089757 0.8557808 0.7089757 0 P 0
L 0.8157808 0.7489757 0.8557808 0.7489757 0 P 0
L 0.8176504 -0.712645 0.8576504 -0.712645 0 P 0
L 0.8176504 -0.752645 0.8176504 -0.712645 0 P 0
L 0.8176504 -0.752645 0.8576504 -0.752645 0 P 0
L 0.8204703 0.6754649 0.8204703 0.7154649 0 P 0
L 0.8240062 -0.7609089 0.8640062 -0.7609089 0 P 0
L 0.8240062 -0.8009089 0.8240062 -0.7609089 0 P 0
L 0.8240062 -0.8009089 0.8640062 -0.8009089 0 P 0
L 0.8241395 -0.7173344 0.8241395 -0.6773344 0 P 0
L 0.8246503 0.7568416 0.8246503 0.7968416 0 P 0
L 0.8246503 0.7568416 0.8646503 0.7568416 0 P 0
L 0.8246503 0.7968416 0.8646503 0.7968416 0 P 0
L 0.8407793 -0.8436912 0.8407793 -0.8036912 0 P 0
L 0.8436912 0.8007793 0.8436912 0.8407793 0 P 0
L 0.8557808 0.7089757 0.8557808 0.7489757 0 P 0
L 0.8576504 -0.752645 0.8576504 -0.712645 0 P 0
L 0.8640062 -0.8009089 0.8640062 -0.7609089 0 P 0
L 0.8646503 0.7568416 0.8646503 0.7968416 0 P 0
