#Layer_Color=9474304
#
#Feature symbol names
#
$0 r5

#
#Feature attribute names
#

#
#Layer features
#
L -0.003937 0.2223465 -0.003937 0.2343465 0 P 0
L -0.006 -0.3149606 0.006 -0.3149606 0 P 0
L -0.009937 0.2283465 0.002063 0.2283465 0 P 0
L -0.0112886 0.7077686 -0.0112886 0.7227686 0 P 0
L -0.0137375 0.4745878 -0.0137375 0.4895878 0 P 0
L -0.0187886 0.7152686 -0.0037886 0.7152686 0 P 0
L -0.0212375 0.4820878 -0.0062375 0.4820878 0 P 0
L -0.0233745 -0.8634801 -0.0233745 -0.8484801 0 P 0
L -0.0247135 -0.2330393 -0.0247135 -0.2210393 0 P 0
L -0.0307135 -0.2270393 -0.0187135 -0.2270393 0 P 0
L -0.0308745 -0.8559801 -0.0158745 -0.8559801 0 P 0
L -0.0324803 0.3581732 -0.0324803 0.3701732 0 P 0
L -0.0384803 0.3641732 -0.0264803 0.3641732 0 P 0
L -0.0452756 0.4457717 -0.0452756 0.4577717 0 P 0
L -0.0505628 -0.7335965 -0.0505628 -0.7185965 0 P 0
L -0.0512756 0.4517717 -0.0392756 0.4517717 0 P 0
L -0.0580628 -0.7260965 -0.0430628 -0.7260965 0 P 0
L -0.0606008 0.2141935 -0.0606008 0.2261935 0 P 0
L -0.0666008 0.2201935 -0.0546008 0.2201935 0 P 0
L -0.0803995 -0.2197605 -0.0803995 -0.2077605 0 P 0
L -0.0826772 -0.7146614 -0.0826772 -0.7026614 0 P 0
L -0.0840715 0.4940073 -0.0840715 0.5060073 0 P 0
L -0.0863995 -0.2137605 -0.0743995 -0.2137605 0 P 0
L -0.0886772 -0.7086614 -0.0766772 -0.7086614 0 P 0
L -0.0900715 0.5000073 -0.0780715 0.5000073 0 P 0
L -0.1003937 0.5869882 -0.1003937 0.6019882 0 P 0
L -0.1078937 0.5944882 -0.0928937 0.5944882 0 P 0
L -0.1134568 0.1922049 -0.1134568 0.2042049 0 P 0
L -0.1190945 0.357189 -0.1190945 0.369189 0 P 0
L -0.1194568 0.1982049 -0.1074568 0.1982049 0 P 0
L -0.1250945 0.363189 -0.1130945 0.363189 0 P 0
L -0.1310337 -0.1930503 -0.1310337 -0.1810503 0 P 0
L -0.1370337 -0.1870503 -0.1250337 -0.1870503 0 P 0
L -0.1377935 0.2695925 -0.1377935 0.2815925 0 P 0
L -0.1434068 -0.7196539 -0.1434068 -0.7046539 0 P 0
L -0.1437008 0.6873819 -0.1437008 0.7023819 0 P 0
L -0.1437935 0.2755925 -0.1317935 0.2755925 0 P 0
L -0.1509068 -0.7121539 -0.1359068 -0.7121539 0 P 0
L -0.1512008 0.6948819 -0.1362008 0.6948819 0 P 0
L -0.1591839 0.1577624 -0.1591839 0.1697624 0 P 0
L -0.1594488 -0.6551378 -0.1594488 -0.6401378 0 P 0
L -0.1651839 0.1637624 -0.1531839 0.1637624 0 P 0
L -0.1669488 -0.6476378 -0.1519488 -0.6476378 0 P 0
L -0.1734345 -0.154587 -0.1734345 -0.142587 0 P 0
L -0.1749179 0.5519948 -0.1749179 0.5669948 0 P 0
L -0.1768651 0.4695703 -0.1768651 0.4815703 0 P 0
L -0.1771636 0.2695925 -0.1771636 0.2815925 0 P 0
L -0.1771653 0 0.1771653 0 0 P 0
L -0.1794345 -0.148587 -0.1674345 -0.148587 0 P 0
L -0.1824179 0.5594948 -0.1674179 0.5594948 0 P 0
L -0.1828651 0.4755703 -0.1708651 0.4755703 0 P 0
L -0.1831636 0.2755925 -0.1711636 0.2755925 0 P 0
L -0.1879921 -0.6541535 -0.1879921 -0.6391535 0 P 0
L -0.1949089 0.1130301 -0.1949089 0.1250301 0 P 0
L -0.1954921 -0.6466535 -0.1804921 -0.6466535 0 P 0
L -0.1968486 0.2302224 -0.1968486 0.2422224 0 P 0
L -0.2009089 0.1190301 -0.1889089 0.1190301 0 P 0
L -0.2017717 -0.6767913 -0.2017717 -0.6617913 0 P 0
L -0.2028486 0.2362224 -0.1908486 0.2362224 0 P 0
L -0.2049378 -0.1067875 -0.2049378 -0.0947875 0 P 0
L -0.2092717 -0.6692913 -0.1942717 -0.6692913 0 P 0
L -0.209896 0.5087428 -0.209896 0.5287428 0 P 0
L -0.2109378 -0.1007875 -0.1989378 -0.1007875 0 P 0
L -0.2140403 -0.6537522 -0.2140403 -0.6387522 0 P 0
L -0.2165337 0.2695925 -0.2165337 0.2815925 0 P 0
L -0.2165337 0.8207739 -0.2165337 0.8327739 0 P 0
L -0.218387 0.0608186 -0.218387 0.0728186 0 P 0
L -0.219896 0.5187428 -0.199896 0.5187428 0 P 0
L -0.2215403 -0.6462522 -0.2065403 -0.6462522 0 P 0
L -0.2225337 0.2755925 -0.2105337 0.2755925 0 P 0
L -0.2225337 0.8267739 -0.2105337 0.8267739 0 P 0
L -0.2235641 -0.0526551 -0.2235641 -0.0406551 0 P 0
L -0.224387 0.0668186 -0.212387 0.0668186 0 P 0
L -0.2281431 0.0044088 -0.2281431 0.0164088 0 P 0
L -0.2293307 0.6652598 -0.2293307 0.6772598 0 P 0
L -0.2295641 -0.0466551 -0.2175641 -0.0466551 0 P 0
L -0.2341431 0.0104088 -0.2221431 0.0104088 0 P 0
L -0.2353307 0.6712598 -0.2233307 0.6712598 0 P 0
L -0.2362187 0.2302224 -0.2362187 0.2422224 0 P 0
L -0.2422187 0.2362224 -0.2302187 0.2362224 0 P 0
L -0.2519685 -0.5719449 -0.2519685 -0.5599449 0 P 0
L -0.2559038 0.1908523 -0.2559038 0.2028523 0 P 0
L -0.2559038 0.8207739 -0.2559038 0.8327739 0 P 0
L -0.2579685 -0.5659449 -0.2459685 -0.5659449 0 P 0
L -0.2619038 0.1968523 -0.2499038 0.1968523 0 P 0
L -0.2619038 0.8267739 -0.2499038 0.8267739 0 P 0
L -0.2673604 -0.672104 -0.2673604 -0.657104 0 P 0
L -0.269685 0.513685 -0.269685 0.525685 0 P 0
L -0.2748604 -0.664604 -0.2598604 -0.664604 0 P 0
L -0.2755888 0.1514822 -0.2755888 0.1634822 0 P 0
L -0.2755888 0.2302224 -0.2755888 0.2422224 0 P 0
L -0.275685 0.519685 -0.263685 0.519685 0 P 0
L -0.2774764 -0.5685926 -0.2774764 -0.5565926 0 P 0
L -0.2815888 0.1574822 -0.2695888 0.1574822 0 P 0
L -0.2815888 0.2362224 -0.2695888 0.2362224 0 P 0
L -0.2834646 -0.4646066 -0.2834646 -0.4496066 0 P 0
L -0.2834646 0.2774646 -0.2834646 0.2894646 0 P 0
L -0.2834764 -0.5625926 -0.2714764 -0.5625926 0 P 0
L -0.2894646 0.2834646 -0.2774646 0.2834646 0 P 0
L -0.2909646 -0.4571066 -0.2759646 -0.4571066 0 P 0
L -0.2952739 -0.0453683 -0.2952739 -0.0333683 0 P 0
L -0.2952739 0.0333719 -0.2952739 0.0453719 0 P 0
L -0.2952739 0.1121121 -0.2952739 0.1241121 0 P 0
L -0.2952739 0.1908523 -0.2952739 0.2028523 0 P 0
L -0.2964713 0.651662 -0.2964713 0.666662 0 P 0
L -0.3012739 -0.0393683 -0.2892739 -0.0393683 0 P 0
L -0.3012739 0.0393719 -0.2892739 0.0393719 0 P 0
L -0.3012739 0.1181121 -0.2892739 0.1181121 0 P 0
L -0.3012739 0.1968523 -0.2892739 0.1968523 0 P 0
L -0.3039713 0.659162 -0.2889713 0.659162 0 P 0
L -0.3113717 -0.6475049 -0.3113717 -0.6355049 0 P 0
L -0.3149589 -0.0059982 -0.3149589 0.0060018 0 P 0
L -0.3149589 0.072742 -0.3149589 0.084742 0 P 0
L -0.3149589 0.1514822 -0.3149589 0.1634822 0 P 0
L -0.3149589 0.2302224 -0.3149589 0.2422224 0 P 0
L -0.3151249 0.3873921 -0.3151249 0.4073921 0 P 0
L -0.3173717 -0.6415049 -0.3053717 -0.6415049 0 P 0
L -0.3209589 0.0000018 -0.3089589 0.0000018 0 P 0
L -0.3209589 0.078742 -0.3089589 0.078742 0 P 0
L -0.3209589 0.1574822 -0.3089589 0.1574822 0 P 0
L -0.3209589 0.2362224 -0.3089589 0.2362224 0 P 0
L -0.321649 -0.5878924 -0.321649 -0.5758924 0 P 0
L -0.3228346 0.2774646 -0.3228346 0.2894646 0 P 0
L -0.3251249 0.3973921 -0.3051249 0.3973921 0 P 0
L -0.327649 -0.5818924 -0.315649 -0.5818924 0 P 0
L -0.3288346 0.2834646 -0.3168346 0.2834646 0 P 0
L -0.334644 -0.0453683 -0.334644 -0.0333683 0 P 0
L -0.334644 0.0333719 -0.334644 0.0453719 0 P 0
L -0.334644 0.1121121 -0.334644 0.1241121 0 P 0
L -0.334644 0.1908523 -0.334644 0.2028523 0 P 0
L -0.340644 -0.0393683 -0.328644 -0.0393683 0 P 0
L -0.340644 0.0393719 -0.328644 0.0393719 0 P 0
L -0.340644 0.1181121 -0.328644 0.1181121 0 P 0
L -0.340644 0.1968523 -0.328644 0.1968523 0 P 0
L -0.342468 -0.6439781 -0.342468 -0.6289781 0 P 0
L -0.349968 -0.6364781 -0.334968 -0.6364781 0 P 0
L -0.354329 -0.0059982 -0.354329 0.0060018 0 P 0
L -0.354329 0.072742 -0.354329 0.084742 0 P 0
L -0.354329 0.1514822 -0.354329 0.1634822 0 P 0
L -0.354329 0.2302224 -0.354329 0.2422224 0 P 0
L -0.360329 0.0000018 -0.348329 0.0000018 0 P 0
L -0.360329 0.078742 -0.348329 0.078742 0 P 0
L -0.360329 0.1574822 -0.348329 0.1574822 0 P 0
L -0.360329 0.2362224 -0.348329 0.2362224 0 P 0
L -0.3740141 0.0333719 -0.3740141 0.0453719 0 P 0
L -0.3740141 0.1121121 -0.3740141 0.1241121 0 P 0
L -0.3740141 0.1908523 -0.3740141 0.2028523 0 P 0
L -0.3800141 0.0393719 -0.3680141 0.0393719 0 P 0
L -0.3800141 0.1181121 -0.3680141 0.1181121 0 P 0
L -0.3800141 0.1968523 -0.3680141 0.1968523 0 P 0
L -0.3802714 0.603531 -0.3802714 0.618531 0 P 0
L -0.3818898 -0.6201732 -0.3818898 -0.6081732 0 P 0
L -0.3877714 0.611031 -0.3727714 0.611031 0 P 0
L -0.3878898 -0.6141732 -0.3758898 -0.6141732 0 P 0
L -0.3936991 0.072742 -0.3936991 0.084742 0 P 0
L -0.3936991 0.1514822 -0.3936991 0.1634822 0 P 0
L -0.3996991 0.078742 -0.3876991 0.078742 0 P 0
L -0.3996991 0.1574822 -0.3876991 0.1574822 0 P 0
L -0.3998416 0.4769018 -0.3998416 0.4919018 0 P 0
L -0.4055118 -0.491752 -0.4055118 -0.476752 0 P 0
L -0.4056585 -0.268342 -0.4056585 -0.253342 0 P 0
L -0.4073416 0.4844018 -0.3923416 0.4844018 0 P 0
L -0.4130118 -0.484252 -0.3980118 -0.484252 0 P 0
L -0.4131585 -0.260842 -0.3981585 -0.260842 0 P 0
L -0.4133842 0.0333719 -0.4133842 0.0453719 0 P 0
L -0.4133842 0.1121121 -0.4133842 0.1241121 0 P 0
L -0.4143701 -0.0680079 -0.4143701 -0.0560079 0 P 0
L -0.4193842 0.0393719 -0.4073842 0.0393719 0 P 0
L -0.4193842 0.1181121 -0.4073842 0.1181121 0 P 0
L -0.4203701 -0.0620079 -0.4083701 -0.0620079 0 P 0
L -0.42218 0.2256554 -0.42218 0.2406554 0 P 0
L -0.4221997 0.3912105 -0.4221997 0.4062105 0 P 0
L -0.4226154 -0.5938327 -0.4226154 -0.5788327 0 P 0
L -0.42968 0.2331554 -0.41468 0.2331554 0 P 0
L -0.4296997 0.3987105 -0.4146997 0.3987105 0 P 0
L -0.4301154 -0.5863327 -0.4151154 -0.5863327 0 P 0
L -0.4330692 0.072742 -0.4330692 0.084742 0 P 0
L -0.4344351 0.2986931 -0.4344351 0.3136931 0 P 0
L -0.4390692 0.078742 -0.4270692 0.078742 0 P 0
L -0.4417628 -0.6603601 -0.4417628 -0.6453601 0 P 0
L -0.4419351 0.3061931 -0.4269351 0.3061931 0 P 0
L -0.4485998 0.5274016 -0.4485998 0.5424016 0 P 0
L -0.4492628 -0.6528601 -0.4342628 -0.6528601 0 P 0
L -0.4527559 -0.491752 -0.4527559 -0.476752 0 P 0
L -0.4560998 0.5349016 -0.4410998 0.5349016 0 P 0
L -0.4602559 -0.484252 -0.4452559 -0.484252 0 P 0
L -0.4724409 -0.7555315 -0.4724409 -0.7405315 0 P 0
L -0.4724409 0.750374 -0.4724409 0.765374 0 P 0
L -0.4799409 -0.7480315 -0.4649409 -0.7480315 0 P 0
L -0.4799409 0.757874 -0.4649409 0.757874 0 P 0
L -0.4864587 -0.2216169 -0.4864587 -0.2066169 0 P 0
L -0.4939587 -0.2141169 -0.4789587 -0.2141169 0 P 0
L -0.512327 0.2110545 -0.512327 0.2230545 0 P 0
L -0.518327 0.2170545 -0.506327 0.2170545 0 P 0
L -0.5208512 0.1879653 -0.5208512 0.1999653 0 P 0
L -0.5261535 0.4880313 -0.5261535 0.5030313 0 P 0
L -0.5268512 0.1939653 -0.5148512 0.1939653 0 P 0
L -0.5314945 -0.7540301 -0.5314945 -0.7420301 0 P 0
L -0.5314945 0.7420337 -0.5314945 0.7540337 0 P 0
L -0.5336535 0.4955313 -0.5186535 0.4955313 0 P 0
L -0.5374945 -0.7480301 -0.5254945 -0.7480301 0 P 0
L -0.5374945 0.7480337 -0.5254945 0.7480337 0 P 0
L -0.5511795 -0.71466 -0.5511795 -0.70266 0 P 0
L -0.5511795 0.7026636 -0.5511795 0.7146636 0 P 0
L -0.5551158 0.2361249 -0.5551158 0.2481249 0 P 0
L -0.5571795 -0.70866 -0.5451795 -0.70866 0 P 0
L -0.5571795 0.7086636 -0.5451795 0.7086636 0 P 0
L -0.5580399 -0.1681676 -0.5580399 -0.1531676 0 P 0
L -0.5599692 -0.464473 -0.5599692 -0.449473 0 P 0
L -0.5611158 0.2421249 -0.5491158 0.2421249 0 P 0
L -0.5629921 -0.7658425 -0.5629921 -0.7538425 0 P 0
L -0.5640182 0.2129021 -0.5640182 0.2249021 0 P 0
L -0.5655399 -0.1606676 -0.5505399 -0.1606676 0 P 0
L -0.5674692 -0.456973 -0.5524692 -0.456973 0 P 0
L -0.5689921 -0.7598425 -0.5569921 -0.7598425 0 P 0
L -0.5700182 0.2189021 -0.5580182 0.2189021 0 P 0
L -0.5708646 -0.6752899 -0.5708646 -0.6632899 0 P 0
L -0.5708646 0.7420337 -0.5708646 0.7540337 0 P 0
L -0.5768646 -0.6692899 -0.5648646 -0.6692899 0 P 0
L -0.5768646 0.7480337 -0.5648646 0.7480337 0 P 0
L -0.5863327 0.4151154 -0.5863327 0.4301154 0 P 0
L -0.5905496 -0.6359198 -0.5905496 -0.6239198 0 P 0
L -0.5905496 -0.71466 -0.5905496 -0.70266 0 P 0
L -0.5905496 0.7026636 -0.5905496 0.7146636 0 P 0
L -0.5938327 0.4226154 -0.5788327 0.4226154 0 P 0
L -0.5965496 -0.6299198 -0.5845496 -0.6299198 0 P 0
L -0.5965496 -0.70866 -0.5845496 -0.70866 0 P 0
L -0.5965496 0.7086636 -0.5845496 0.7086636 0 P 0
L -0.6023622 0.7380945 -0.6023622 0.7500945 0 P 0
L -0.6083622 0.7440945 -0.5963622 0.7440945 0 P 0
L -0.6102347 -0.6752899 -0.6102347 -0.6632899 0 P 0
L -0.6102347 -0.7540301 -0.6102347 -0.7420301 0 P 0
L -0.6102347 0.6632935 -0.6102347 0.6752935 0 P 0
L -0.6148251 -0.3874723 -0.6148251 -0.3724723 0 P 0
L -0.6162347 -0.6692899 -0.6042347 -0.6692899 0 P 0
L -0.6162347 -0.7480301 -0.6042347 -0.7480301 0 P 0
L -0.6162347 0.6692935 -0.6042347 0.6692935 0 P 0
L -0.6219471 -0.107413 -0.6219471 -0.092413 0 P 0
L -0.6223251 -0.3799723 -0.6073251 -0.3799723 0 P 0
L -0.6294471 -0.099913 -0.6144471 -0.099913 0 P 0
L -0.6299197 -0.6359198 -0.6299197 -0.6239198 0 P 0
L -0.6299197 -0.71466 -0.6299197 -0.70266 0 P 0
L -0.6299197 -0.7934002 -0.6299197 -0.7814002 0 P 0
L -0.6299197 0.6239234 -0.6299197 0.6359234 0 P 0
L -0.6299197 0.7026636 -0.6299197 0.7146636 0 P 0
L -0.6299197 0.7814038 -0.6299197 0.7934038 0 P 0
L -0.6359197 -0.6299198 -0.6239197 -0.6299198 0 P 0
L -0.6359197 -0.70866 -0.6239197 -0.70866 0 P 0
L -0.6359197 -0.7874002 -0.6239197 -0.7874002 0 P 0
L -0.6359197 0.6299234 -0.6239197 0.6299234 0 P 0
L -0.6359197 0.7086636 -0.6239197 0.7086636 0 P 0
L -0.6359197 0.7874038 -0.6239197 0.7874038 0 P 0
L -0.6364781 0.334968 -0.6364781 0.349968 0 P 0
L -0.6439781 0.342468 -0.6289781 0.342468 0 P 0
L -0.6496048 -0.6752899 -0.6496048 -0.6632899 0 P 0
L -0.6496048 -0.7540301 -0.6496048 -0.7420301 0 P 0
L -0.6496048 0.6632935 -0.6496048 0.6752935 0 P 0
L -0.6496048 0.7420337 -0.6496048 0.7540337 0 P 0
L -0.6543065 0.2857423 -0.6543065 0.3007423 0 P 0
L -0.6556048 -0.6692899 -0.6436048 -0.6692899 0 P 0
L -0.6556048 -0.7480301 -0.6436048 -0.7480301 0 P 0
L -0.6556048 0.6692935 -0.6436048 0.6692935 0 P 0
L -0.6556048 0.7480337 -0.6436048 0.7480337 0 P 0
L -0.659162 -0.3039713 -0.659162 -0.2889713 0 P 0
L -0.6618065 0.2932423 -0.6468065 0.2932423 0 P 0
L -0.666662 -0.2964713 -0.651662 -0.2964713 0 P 0
L -0.6692898 -0.6359198 -0.6692898 -0.6239198 0 P 0
L -0.6692898 0.6239234 -0.6692898 0.6359234 0 P 0
L -0.6695371 -0.2633322 -0.6695371 -0.2483322 0 P 0
L -0.6752898 -0.6299198 -0.6632898 -0.6299198 0 P 0
L -0.6752898 0.6299234 -0.6632898 0.6299234 0 P 0
L -0.6757348 0.2489611 -0.6757348 0.2639611 0 P 0
L -0.6770371 -0.2558322 -0.6620371 -0.2558322 0 P 0
L -0.6832348 0.2564611 -0.6682348 0.2564611 0 P 0
L -0.6884649 -0.7641476 -0.6884649 -0.7483996 0 P 0
L -0.6889749 -0.5965497 -0.6889749 -0.5845497 0 P 0
L -0.6889749 -0.6752899 -0.6889749 -0.6632899 0 P 0
L -0.6889749 0.5845533 -0.6889749 0.5965533 0 P 0
L -0.6889749 0.6632935 -0.6889749 0.6752935 0 P 0
L -0.689109 0.7443323 -0.689109 0.7600803 0 P 0
L -0.6922195 -0.2153966 -0.6922195 -0.2003966 0 P 0
L -0.6949749 -0.5905497 -0.6829749 -0.5905497 0 P 0
L -0.6949749 -0.6692899 -0.6829749 -0.6692899 0 P 0
L -0.6949749 0.5905533 -0.6829749 0.5905533 0 P 0
L -0.6949749 0.6692935 -0.6829749 0.6692935 0 P 0
L -0.6954649 0.7925963 -0.6954649 0.8083443 0 P 0
L -0.6963389 -0.7562736 -0.6805909 -0.7562736 0 P 0
L -0.696983 0.7522063 -0.681235 0.7522063 0 P 0
L -0.6973344 -0.8120135 -0.6973344 -0.7962655 0 P 0
L -0.6997195 -0.2078966 -0.6847195 -0.2078966 0 P 0
L -0.7033389 0.8004703 -0.6875909 0.8004703 0 P 0
L -0.7052084 -0.8041395 -0.6894604 -0.8041395 0 P 0
L -0.7077093 -0.3527767 -0.7077093 -0.3377767 0 P 0
L -0.7086599 -0.5571796 -0.7086599 -0.5451796 0 P 0
L -0.7086599 -0.6359198 -0.7086599 -0.6239198 0 P 0
L -0.7086599 0.5451832 -0.7086599 0.5571832 0 P 0
L -0.7086599 0.6239234 -0.7086599 0.6359234 0 P 0
L -0.709424 -0.7202099 -0.709424 -0.7044619 0 P 0
L -0.7123359 0.70155 -0.7123359 0.717298 0 P 0
L -0.713434 -0.1232656 -0.713434 -0.1082656 0 P 0
L -0.7146599 -0.5511796 -0.7026599 -0.5511796 0 P 0
L -0.7146599 -0.6299198 -0.7026599 -0.6299198 0 P 0
L -0.7146599 0.5511832 -0.7026599 0.5511832 0 P 0
L -0.7146599 0.6299234 -0.7026599 0.6299234 0 P 0
L -0.7152093 -0.3452767 -0.7002093 -0.3452767 0 P 0
L -0.717298 -0.7123359 -0.70155 -0.7123359 0 P 0
L -0.7190867 0.0653293 -0.7190867 0.0803293 0 P 0
L -0.7202099 0.709424 -0.7044619 0.709424 0 P 0
L -0.720934 -0.1157656 -0.705934 -0.1157656 0 P 0
L -0.7224403 -0.0291531 -0.7224403 -0.0141531 0 P 0
L -0.7265867 0.0728293 -0.7115867 0.0728293 0 P 0
L -0.728345 -0.5178095 -0.728345 -0.5058095 0 P 0
L -0.728345 -0.5965497 -0.728345 -0.5845497 0 P 0
L -0.728345 0.5058131 -0.728345 0.5178131 0 P 0
L -0.728345 0.5845533 -0.728345 0.5965533 0 P 0
L -0.7289757 0.8279068 -0.7289757 0.8436548 0 P 0
L -0.7299403 -0.0216531 -0.7149403 -0.0216531 0 P 0
L -0.732645 -0.8455244 -0.732645 -0.8297764 0 P 0
L -0.734345 -0.5118095 -0.722345 -0.5118095 0 P 0
L -0.734345 -0.5905497 -0.722345 -0.5905497 0 P 0
L -0.734345 0.5118131 -0.722345 0.5118131 0 P 0
L -0.734345 0.5905533 -0.722345 0.5905533 0 P 0
L -0.7368497 0.8357808 -0.7211017 0.8357808 0 P 0
L -0.740519 -0.8376504 -0.724771 -0.8376504 0 P 0
L -0.74803 -0.4784394 -0.74803 -0.4664394 0 P 0
L -0.74803 -0.5571796 -0.74803 -0.5451796 0 P 0
L -0.74803 -0.6359198 -0.74803 -0.6239198 0 P 0
L -0.74803 0.466443 -0.74803 0.478443 0 P 0
L -0.74803 0.5451832 -0.74803 0.5571832 0 P 0
L -0.74803 0.6239234 -0.74803 0.6359234 0 P 0
L -0.7522063 -0.696983 -0.7522063 -0.681235 0 P 0
L -0.75403 -0.4724394 -0.74203 -0.4724394 0 P 0
L -0.75403 -0.5511796 -0.74203 -0.5511796 0 P 0
L -0.75403 -0.6299198 -0.74203 -0.6299198 0 P 0
L -0.75403 0.472443 -0.74203 0.472443 0 P 0
L -0.75403 0.5511832 -0.74203 0.5511832 0 P 0
L -0.75403 0.6299234 -0.74203 0.6299234 0 P 0
L -0.7559055 0.2562795 -0.7559055 0.2712795 0 P 0
L -0.7562736 0.6805909 -0.7562736 0.6963389 0 P 0
L -0.7598425 -0.5847402 -0.7598425 -0.5727402 0 P 0
L -0.7600803 -0.689109 -0.7443323 -0.689109 0 P 0
L -0.7634055 0.2637795 -0.7484055 0.2637795 0 P 0
L -0.7641476 0.6884649 -0.7483996 0.6884649 0 P 0
L -0.7658425 -0.5787402 -0.7538425 -0.5787402 0 P 0
L -0.7677151 0.5845533 -0.7677151 0.5965533 0 P 0
L -0.7677165 -0.8267716 -0.7677165 -0.7086614 0 P 0
L -0.7677165 0.7086614 -0.7677165 0.8267716 0 P 0
L -0.7737151 0.5905533 -0.7617151 0.5905533 0 P 0
L -0.7768416 0.8367763 -0.7768416 0.8525243 0 P 0
L -0.7809089 -0.8518802 -0.7809089 -0.8361322 0 P 0
L -0.7847156 0.8446503 -0.7689676 0.8446503 0 P 0
L -0.7874001 -0.6359198 -0.7874001 -0.6239198 0 P 0
L -0.7874001 0.6239234 -0.7874001 0.6359234 0 P 0
L -0.7887829 -0.8440062 -0.7730349 -0.8440062 0 P 0
L -0.7934001 -0.6299198 -0.7814001 -0.6299198 0 P 0
L -0.7934001 0.6299234 -0.7814001 0.6299234 0 P 0
L -0.8004703 -0.7033389 -0.8004703 -0.6875909 0 P 0
L -0.8041395 0.6894604 -0.8041395 0.7052084 0 P 0
L -0.8083443 -0.6954649 -0.7925963 -0.6954649 0 P 0
L -0.8120135 0.6973344 -0.7962655 0.6973344 0 P 0
L -0.8188976 0.2287205 -0.8188976 0.2437205 0 P 0
L -0.8207793 0.8158172 -0.8207793 0.8315652 0 P 0
L -0.8236912 -0.8286533 -0.8236912 -0.8129053 0 P 0
L -0.8263976 0.2362205 -0.8113976 0.2362205 0 P 0
L -0.8267716 -0.7677165 -0.7086614 -0.7677165 0 P 0
L -0.8267716 0.7677165 -0.7086614 0.7677165 0 P 0
L -0.8286533 0.8236912 -0.8129053 0.8236912 0 P 0
L -0.8315652 -0.8207793 -0.8158172 -0.8207793 0 P 0
L -0.8326803 -0.2072295 -0.8326803 -0.1922295 0 P 0
L -0.8357808 -0.7368497 -0.8357808 -0.7211017 0 P 0
L -0.8366142 0.1598228 -0.8366142 0.1748228 0 P 0
L -0.8376504 0.724771 -0.8376504 0.740519 0 P 0
L -0.8401803 -0.1997295 -0.8251803 -0.1997295 0 P 0
L -0.8436548 -0.7289757 -0.8279068 -0.7289757 0 P 0
L -0.8440062 0.7730349 -0.8440062 0.7887829 0 P 0
L -0.8441142 0.1673228 -0.8291142 0.1673228 0 P 0
L -0.8446503 -0.7847156 -0.8446503 -0.7689676 0 P 0
L -0.8455244 0.732645 -0.8297764 0.732645 0 P 0
L -0.8518802 0.7809089 -0.8361322 0.7809089 0 P 0
L -0.8525243 -0.7768416 -0.8367763 -0.7768416 0 P 0
L 0 -0.1771653 0 0.1771653 0 P 0
L 0 -0.3209606 0 -0.3089606 0 P 0
L 0.0141535 -0.7224409 0.0291535 -0.7224409 0 P 0
L 0.0163031 -0.6504726 0.0313031 -0.6504726 0 P 0
L 0.0216535 -0.7299409 0.0216535 -0.7149409 0 P 0
L 0.0238031 -0.6579726 0.0238031 -0.6429726 0 P 0
L 0.0265253 -0.2260525 0.0385253 -0.2260525 0 P 0
L 0.0325253 -0.2320525 0.0325253 -0.2200525 0 P 0
L 0.0363228 0.3622047 0.0483228 0.3622047 0 P 0
L 0.0387598 -0.3120079 0.0537598 -0.3120079 0 P 0
L 0.0407121 0.5293049 0.0557121 0.5293049 0 P 0
L 0.0423228 0.3562047 0.0423228 0.3682047 0 P 0
L 0.0462598 -0.3195079 0.0462598 -0.3045079 0 P 0
L 0.0469743 0.2221517 0.0589743 0.2221517 0 P 0
L 0.0482121 0.5218049 0.0482121 0.5368049 0 P 0
L 0.0515551 0.6850394 0.0665551 0.6850394 0 P 0
L 0.0529743 0.2161517 0.0529743 0.2281517 0 P 0
L 0.0590551 0.6775394 0.0590551 0.6925394 0 P 0
L 0.0673031 -0.6574803 0.0823031 -0.6574803 0 P 0
L 0.0707109 -0.3311158 0.0857109 -0.3311158 0 P 0
L 0.0748031 -0.6649803 0.0748031 -0.6499803 0 P 0
L 0.0782109 -0.3386158 0.0782109 -0.3236158 0 P 0
L 0.0806142 0.3690945 0.0926142 0.3690945 0 P 0
L 0.0817204 -0.2108619 0.0937204 -0.2108619 0 P 0
L 0.0866142 0.3630945 0.0866142 0.3750945 0 P 0
L 0.0877204 -0.2168619 0.0877204 -0.2048619 0 P 0
L 0.0909252 -0.3031496 0.1059252 -0.3031496 0 P 0
L 0.0984252 -0.3106496 0.0984252 -0.2956496 0 P 0
L 0.1005569 0.2019983 0.1125569 0.2019983 0 P 0
L 0.1065569 0.1959983 0.1065569 0.2079983 0 P 0
L 0.1082657 -0.713434 0.1232657 -0.713434 0 P 0
L 0.1157657 -0.720934 0.1157657 -0.705934 0 P 0
L 0.1243898 0.5424449 0.1393898 0.5424449 0 P 0
L 0.1255919 0.4900325 0.1375919 0.4900325 0 P 0
L 0.1314037 -0.1824221 0.1434037 -0.1824221 0 P 0
L 0.1315919 0.4840325 0.1315919 0.4960325 0 P 0
L 0.1318898 0.5349449 0.1318898 0.5499449 0 P 0
L 0.1374037 -0.1884221 0.1374037 -0.1764221 0 P 0
L 0.1474441 0.1691525 0.1594441 0.1691525 0 P 0
L 0.1534441 0.1631525 0.1534441 0.1751525 0 P 0
L 0.1549593 -0.4619273 0.1669593 -0.4619273 0 P 0
L 0.1583701 0.5314961 0.1703701 0.5314961 0 P 0
L 0.158566 0.7034279 0.173566 0.7034279 0 P 0
L 0.1609593 -0.4679273 0.1609593 -0.4559273 0 P 0
L 0.1643701 0.5254961 0.1643701 0.5374961 0 P 0
L 0.166066 0.6959279 0.166066 0.7109279 0 P 0
L 0.1724534 -0.14252 0.1844534 -0.14252 0 P 0
L 0.1784534 -0.14852 0.1784534 -0.13652 0 P 0
L 0.1846899 0.1256783 0.1966899 0.1256783 0 P 0
L 0.1869134 -0.3622047 0.1989134 -0.3622047 0 P 0
L 0.1906899 0.1196783 0.1906899 0.1316783 0 P 0
L 0.1929134 -0.3682047 0.1929134 -0.3562047 0 P 0
L 0.2022903 -0.093663 0.2142903 -0.093663 0 P 0
L 0.2030963 -0.6901456 0.2180963 -0.6901456 0 P 0
L 0.2065984 -0.3818898 0.2185984 -0.3818898 0 P 0
L 0.2082903 -0.099663 0.2082903 -0.087663 0 P 0
L 0.2094882 0.5383858 0.2294882 0.5383858 0 P 0
L 0.2099539 0.0743072 0.2219539 0.0743072 0 P 0
L 0.2105374 0.2755925 0.2225374 0.2755925 0 P 0
L 0.2105963 -0.6976456 0.2105963 -0.6826456 0 P 0
L 0.2125984 -0.3878898 0.2125984 -0.3758898 0 P 0
L 0.2129724 -0.8267717 0.2279724 -0.8267717 0 P 0
L 0.2144724 -0.2322835 0.2264724 -0.2322835 0 P 0
L 0.2159539 0.0683072 0.2159539 0.0803072 0 P 0
L 0.2164409 0.6811024 0.2284409 0.6811024 0 P 0
L 0.2165374 0.2695925 0.2165374 0.2815925 0 P 0
L 0.2190396 -0.0389207 0.2310396 -0.0389207 0 P 0
L 0.2194882 0.5283858 0.2194882 0.5483858 0 P 0
L 0.2204724 -0.2382835 0.2204724 -0.2262835 0 P 0
L 0.2204724 -0.8342717 0.2204724 -0.8192717 0 P 0
L 0.2216487 0.0182671 0.2336487 0.0182671 0 P 0
L 0.2224409 0.6751024 0.2224409 0.6871024 0 P 0
L 0.2250396 -0.0449207 0.2250396 -0.0329207 0 P 0
L 0.2262835 -0.3622047 0.2382835 -0.3622047 0 P 0
L 0.2276487 0.0122671 0.2276487 0.0242671 0 P 0
L 0.2302225 0.2362224 0.2422225 0.2362224 0 P 0
L 0.2322835 -0.3682047 0.2322835 -0.3562047 0 P 0
L 0.2362225 0.2302224 0.2362225 0.2422224 0 P 0
L 0.2474728 0.6792681 0.2624728 0.6792681 0 P 0
L 0.2499075 0.2755925 0.2619075 0.2755925 0 P 0
L 0.2549728 0.6717681 0.2549728 0.6867681 0 P 0
L 0.2559075 0.2695925 0.2559075 0.2815925 0 P 0
L 0.2605634 -0.7372035 0.2755634 -0.7372035 0 P 0
L 0.2680634 -0.7447035 0.2680634 -0.7297035 0 P 0
L 0.2695926 -0.2362188 0.2815926 -0.2362188 0 P 0
L 0.2695926 0.2362224 0.2815926 0.2362224 0 P 0
L 0.2695926 0.3149626 0.2815926 0.3149626 0 P 0
L 0.2745118 0.5177165 0.2865118 0.5177165 0 P 0
L 0.2755926 -0.2422188 0.2755926 -0.2302188 0 P 0
L 0.2755926 0.2302224 0.2755926 0.2422224 0 P 0
L 0.2755926 0.3089626 0.2755926 0.3209626 0 P 0
L 0.2805118 0.5117165 0.2805118 0.5237165 0 P 0
L 0.2853386 -0.4055118 0.2973386 -0.4055118 0 P 0
L 0.2889714 -0.6591619 0.3039714 -0.6591619 0 P 0
L 0.2892776 -0.0393683 0.3012776 -0.0393683 0 P 0
L 0.2892776 -0.1181085 0.3012776 -0.1181085 0 P 0
L 0.2892776 -0.1968487 0.3012776 -0.1968487 0 P 0
L 0.2892776 0.0393719 0.3012776 0.0393719 0 P 0
L 0.2892776 0.1968523 0.3012776 0.1968523 0 P 0
L 0.2892776 0.2755925 0.3012776 0.2755925 0 P 0
L 0.2913386 -0.4115118 0.2913386 -0.3995118 0 P 0
L 0.2952776 -0.0453683 0.2952776 -0.0333683 0 P 0
L 0.2952776 -0.1241085 0.2952776 -0.1121085 0 P 0
L 0.2952776 -0.2028487 0.2952776 -0.1908487 0 P 0
L 0.2952776 0.0333719 0.2952776 0.0453719 0 P 0
L 0.2952776 0.1908523 0.2952776 0.2028523 0 P 0
L 0.2952776 0.2695925 0.2952776 0.2815925 0 P 0
L 0.2956496 -0.8031496 0.3106496 -0.8031496 0 P 0
L 0.2964714 -0.6666619 0.2964714 -0.6516619 0 P 0
L 0.3031496 -0.8106496 0.3031496 -0.7956496 0 P 0
L 0.3089627 -0.0787384 0.3209627 -0.0787384 0 P 0
L 0.3089627 0.0000018 0.3209627 0.0000018 0 P 0
L 0.3089627 0.1574822 0.3209627 0.1574822 0 P 0
L 0.3149627 -0.0059982 0.3149627 0.0060018 0 P 0
L 0.3149627 -0.0847384 0.3149627 -0.0727384 0 P 0
L 0.3149627 0.1514822 0.3149627 0.1634822 0 P 0
L 0.3168346 -0.4370079 0.3288346 -0.4370079 0 P 0
L 0.3207717 -0.488189 0.3327717 -0.488189 0 P 0
L 0.3228346 -0.4430079 0.3228346 -0.4310079 0 P 0
L 0.3267717 -0.494189 0.3267717 -0.482189 0 P 0
L 0.3286457 -0.4055118 0.3406457 -0.4055118 0 P 0
L 0.3346457 -0.4115118 0.3346457 -0.3995118 0 P 0
L 0.3349679 0.6364781 0.3499679 0.6364781 0 P 0
L 0.3404567 0.5009843 0.3524567 0.5009843 0 P 0
L 0.3424679 0.6289781 0.3424679 0.6439781 0 P 0
L 0.3428937 -0.7165354 0.3578937 -0.7165354 0 P 0
L 0.3464567 0.4949843 0.3464567 0.5069843 0 P 0
L 0.3483328 -0.314959 0.3603328 -0.314959 0 P 0
L 0.3483328 0.1574822 0.3603328 0.1574822 0 P 0
L 0.3503937 -0.7240354 0.3503937 -0.7090354 0 P 0
L 0.3507677 -0.2362205 0.3657677 -0.2362205 0 P 0
L 0.3543328 -0.320959 0.3543328 -0.308959 0 P 0
L 0.3543328 0.1514822 0.3543328 0.1634822 0 P 0
L 0.3582677 -0.2437205 0.3582677 -0.2287205 0 P 0
L 0.3680178 0.1181121 0.3800178 0.1181121 0 P 0
L 0.3724725 -0.6148251 0.3874725 -0.6148251 0 P 0
L 0.3740178 0.1121121 0.3740178 0.1241121 0 P 0
L 0.3799725 -0.6223251 0.3799725 -0.6073251 0 P 0
L 0.3821705 0.2006941 0.3971705 0.2006941 0 P 0
L 0.3857323 -0.4183071 0.3977323 -0.4183071 0 P 0
L 0.3877008 -0.0393701 0.3997008 -0.0393701 0 P 0
L 0.3877008 -0.0846457 0.3997008 -0.0846457 0 P 0
L 0.3877008 0.011811 0.3997008 0.011811 0 P 0
L 0.3877029 0.078742 0.3997029 0.078742 0 P 0
L 0.3884776 0.5954146 0.4034776 0.5954146 0 P 0
L 0.3896705 0.1931941 0.3896705 0.2081941 0 P 0
L 0.3912198 -0.4876713 0.4062198 -0.4876713 0 P 0
L 0.3917323 -0.4243071 0.3917323 -0.4123071 0 P 0
L 0.3937008 -0.0453701 0.3937008 -0.0333701 0 P 0
L 0.3937008 -0.0906457 0.3937008 -0.0786457 0 P 0
L 0.3937008 0.005811 0.3937008 0.017811 0 P 0
L 0.3937029 0.072742 0.3937029 0.084742 0 P 0
L 0.3959776 0.5879146 0.3959776 0.6029146 0 P 0
L 0.3965999 0.2632501 0.4115999 0.2632501 0 P 0
L 0.3987198 -0.4951713 0.3987198 -0.4801713 0 P 0
L 0.4040999 0.2557501 0.4040999 0.2707501 0 P 0
L 0.4073879 -0.2755889 0.4193879 -0.2755889 0 P 0
L 0.4133879 -0.2815889 0.4133879 -0.2695889 0 P 0
L 0.4137598 0.1062992 0.4287598 0.1062992 0 P 0
L 0.4212598 0.0987992 0.4212598 0.1137992 0 P 0
L 0.4216339 -0.1299213 0.4366339 -0.1299213 0 P 0
L 0.4228517 -0.3119062 0.4378517 -0.3119062 0 P 0
L 0.424475 0.4584738 0.439475 0.4584738 0 P 0
L 0.4291339 -0.1374213 0.4291339 -0.1224213 0 P 0
L 0.4298126 -0.2033595 0.4448126 -0.2033595 0 P 0
L 0.4303517 -0.3194062 0.4303517 -0.3044062 0 P 0
L 0.431975 0.4509738 0.431975 0.4659738 0 P 0
L 0.4373126 -0.2108595 0.4373126 -0.1958595 0 P 0
L 0.449473 -0.5599691 0.464473 -0.5599691 0 P 0
L 0.4506929 -0.4251969 0.4626929 -0.4251969 0 P 0
L 0.4550984 -0.757874 0.4700984 -0.757874 0 P 0
L 0.4566929 -0.4311969 0.4566929 -0.4191969 0 P 0
L 0.456973 -0.5674691 0.456973 -0.5524691 0 P 0
L 0.4625984 -0.765374 0.4625984 -0.750374 0 P 0
L 0.476752 0.2165354 0.491752 0.2165354 0 P 0
L 0.484252 0.2090354 0.484252 0.2240354 0 P 0
L 0.4893028 0.7296347 0.5043028 0.7296347 0 P 0
L 0.4968028 0.7221347 0.4968028 0.7371347 0 P 0
L 0.5023425 0.6801181 0.5173425 0.6801181 0 P 0
L 0.5098425 0.6726181 0.5098425 0.6876181 0 P 0
L 0.5186537 -0.4955313 0.5336537 -0.4955313 0 P 0
L 0.5254982 -0.7480301 0.5374982 -0.7480301 0 P 0
L 0.5254982 0.7480337 0.5374982 0.7480337 0 P 0
L 0.5261537 -0.5030313 0.5261537 -0.4880313 0 P 0
L 0.5314982 -0.7540301 0.5314982 -0.7420301 0 P 0
L 0.5314982 0.7420337 0.5314982 0.7540337 0 P 0
L 0.5451833 -0.70866 0.5571833 -0.70866 0 P 0
L 0.5451833 0.7086636 0.5571833 0.7086636 0 P 0
L 0.5511833 -0.71466 0.5511833 -0.70266 0 P 0
L 0.5511833 0.7026636 0.5511833 0.7146636 0 P 0
L 0.5524692 0.456973 0.5674692 0.456973 0 P 0
L 0.5599692 0.449473 0.5599692 0.464473 0 P 0
L 0.5648683 -0.7480301 0.5768683 -0.7480301 0 P 0
L 0.5648683 0.7480337 0.5768683 0.7480337 0 P 0
L 0.5708683 -0.7540301 0.5708683 -0.7420301 0 P 0
L 0.5708683 0.7420337 0.5708683 0.7540337 0 P 0
L 0.5788327 -0.4226153 0.5938327 -0.4226153 0 P 0
L 0.5791142 0.1338583 0.5941142 0.1338583 0 P 0
L 0.5845534 -0.70866 0.5965534 -0.70866 0 P 0
L 0.5845534 0.7086636 0.5965534 0.7086636 0 P 0
L 0.5863327 -0.4301153 0.5863327 -0.4151153 0 P 0
L 0.5866142 0.1263583 0.5866142 0.1413583 0 P 0
L 0.5905534 -0.71466 0.5905534 -0.70266 0 P 0
L 0.5905534 0.7026636 0.5905534 0.7146636 0 P 0
L 0.6042384 -0.6692899 0.6162384 -0.6692899 0 P 0
L 0.6042384 -0.7480301 0.6162384 -0.7480301 0 P 0
L 0.6042384 0.7480337 0.6162384 0.7480337 0 P 0
L 0.607325 0.3799723 0.622325 0.3799723 0 P 0
L 0.6102384 -0.6752899 0.6102384 -0.6632899 0 P 0
L 0.6102384 -0.7540301 0.6102384 -0.7420301 0 P 0
L 0.6102384 0.7420337 0.6102384 0.7540337 0 P 0
L 0.6137394 0.1042229 0.6287394 0.1042229 0 P 0
L 0.614825 0.3724723 0.614825 0.3874723 0 P 0
L 0.6212394 0.0967229 0.6212394 0.1117229 0 P 0
L 0.6239235 -0.6299198 0.6359235 -0.6299198 0 P 0
L 0.6239235 -0.70866 0.6359235 -0.70866 0 P 0
L 0.6239235 -0.7874002 0.6359235 -0.7874002 0 P 0
L 0.6239235 0.7086636 0.6359235 0.7086636 0 P 0
L 0.6239235 0.7874038 0.6359235 0.7874038 0 P 0
L 0.6289783 -0.3424679 0.6439783 -0.3424679 0 P 0
L 0.6299235 -0.6359198 0.6299235 -0.6239198 0 P 0
L 0.6299235 -0.71466 0.6299235 -0.70266 0 P 0
L 0.6299235 -0.7934002 0.6299235 -0.7814002 0 P 0
L 0.6299235 0.7026636 0.6299235 0.7146636 0 P 0
L 0.6299235 0.7814038 0.6299235 0.7934038 0 P 0
L 0.6364783 -0.3499679 0.6364783 -0.3349679 0 P 0
L 0.6436085 -0.6692899 0.6556085 -0.6692899 0 P 0
L 0.6436085 -0.7480301 0.6556085 -0.7480301 0 P 0
L 0.6436085 0.6692935 0.6556085 0.6692935 0 P 0
L 0.6436085 0.7480337 0.6556085 0.7480337 0 P 0
L 0.6496085 -0.6752899 0.6496085 -0.6632899 0 P 0
L 0.6496085 -0.7540301 0.6496085 -0.7420301 0 P 0
L 0.6496085 0.6632935 0.6496085 0.6752935 0 P 0
L 0.6496085 0.7420337 0.6496085 0.7540337 0 P 0
L 0.651662 0.2964713 0.666662 0.2964713 0 P 0
L 0.659162 0.2889713 0.659162 0.3039713 0 P 0
L 0.6632936 -0.6299198 0.6752936 -0.6299198 0 P 0
L 0.6682348 -0.2564611 0.6832348 -0.2564611 0 P 0
L 0.6692936 -0.6359198 0.6692936 -0.6239198 0 P 0
L 0.6757348 -0.2639611 0.6757348 -0.2489611 0 P 0
L 0.6805909 0.7562736 0.6963389 0.7562736 0 P 0
L 0.681235 -0.7522063 0.696983 -0.7522063 0 P 0
L 0.6829786 -0.5905497 0.6949786 -0.5905497 0 P 0
L 0.6829786 -0.6692899 0.6949786 -0.6692899 0 P 0
L 0.6829786 0.6692935 0.6949786 0.6692935 0 P 0
L 0.6847195 0.2078967 0.6997195 0.2078967 0 P 0
L 0.6875909 -0.8004703 0.7033389 -0.8004703 0 P 0
L 0.6884649 0.7483996 0.6884649 0.7641476 0 P 0
L 0.6889786 -0.5965497 0.6889786 -0.5845497 0 P 0
L 0.6889786 -0.6752899 0.6889786 -0.6632899 0 P 0
L 0.6889786 0.6632935 0.6889786 0.6752935 0 P 0
L 0.689109 -0.7600803 0.689109 -0.7443323 0 P 0
L 0.6894604 0.8041395 0.7052084 0.8041395 0 P 0
L 0.6922195 0.2003967 0.6922195 0.2153967 0 P 0
L 0.6954649 -0.8083443 0.6954649 -0.7925963 0 P 0
L 0.6973344 0.7962655 0.6973344 0.8120135 0 P 0
L 0.70155 0.7123359 0.717298 0.7123359 0 P 0
L 0.7026614 -0.6338583 0.7146614 -0.6338583 0 P 0
L 0.7026637 -0.5511796 0.7146637 -0.5511796 0 P 0
L 0.7026637 0.6299234 0.7146637 0.6299234 0 P 0
L 0.7044619 -0.709424 0.7202099 -0.709424 0 P 0
L 0.705934 0.1157656 0.720934 0.1157656 0 P 0
L 0.7068422 0.5686729 0.7218422 0.5686729 0 P 0
L 0.7075082 -0.1160022 0.7225082 -0.1160022 0 P 0
L 0.7086614 -0.6398583 0.7086614 -0.6278583 0 P 0
L 0.7086614 -0.7677165 0.8267716 -0.7677165 0 P 0
L 0.7086614 0.7677165 0.8267716 0.7677165 0 P 0
L 0.7086637 -0.5571796 0.7086637 -0.5451796 0 P 0
L 0.7086637 0.6239234 0.7086637 0.6359234 0 P 0
L 0.709424 0.7044619 0.709424 0.7202099 0 P 0
L 0.7115867 -0.0728293 0.7265867 -0.0728293 0 P 0
L 0.7123359 -0.717298 0.7123359 -0.70155 0 P 0
L 0.713434 0.1082656 0.713434 0.1232656 0 P 0
L 0.7143422 0.5611729 0.7143422 0.5761729 0 P 0
L 0.7149403 0.0216532 0.7299403 0.0216532 0 P 0
L 0.7150082 -0.1235022 0.7150082 -0.1085022 0 P 0
L 0.7190867 -0.0803293 0.7190867 -0.0653293 0 P 0
L 0.7211017 -0.8357808 0.7368497 -0.8357808 0 P 0
L 0.7223487 -0.5118095 0.7343487 -0.5118095 0 P 0
L 0.7223487 -0.5905497 0.7343487 -0.5905497 0 P 0
L 0.7224403 0.0141532 0.7224403 0.0291532 0 P 0
L 0.724771 0.8376504 0.740519 0.8376504 0 P 0
L 0.7247835 0.523622 0.7397835 0.523622 0 P 0
L 0.7283487 -0.5178095 0.7283487 -0.5058095 0 P 0
L 0.7283487 -0.5965497 0.7283487 -0.5845497 0 P 0
L 0.7289757 -0.8436548 0.7289757 -0.8279068 0 P 0
L 0.7322835 0.516122 0.7322835 0.531122 0 P 0
L 0.732645 0.8297764 0.732645 0.8455244 0 P 0
L 0.7420338 -0.4724394 0.7540338 -0.4724394 0 P 0
L 0.7420338 -0.5511796 0.7540338 -0.5511796 0 P 0
L 0.7420338 -0.6299198 0.7540338 -0.6299198 0 P 0
L 0.7420338 0.472443 0.7540338 0.472443 0 P 0
L 0.7443323 0.689109 0.7600803 0.689109 0 P 0
L 0.7480338 -0.4784394 0.7480338 -0.4664394 0 P 0
L 0.7480338 -0.5571796 0.7480338 -0.5451796 0 P 0
L 0.7480338 -0.6359198 0.7480338 -0.6239198 0 P 0
L 0.7480338 0.466443 0.7480338 0.478443 0 P 0
L 0.7483996 -0.6884649 0.7641476 -0.6884649 0 P 0
L 0.7522063 0.681235 0.7522063 0.696983 0 P 0
L 0.7562736 -0.6963389 0.7562736 -0.6805909 0 P 0
L 0.7577795 0.6220472 0.7697795 0.6220472 0 P 0
L 0.7617188 -0.5905497 0.7737188 -0.5905497 0 P 0
L 0.7617188 0.5905533 0.7737188 0.5905533 0 P 0
L 0.7637795 0.6160472 0.7637795 0.6280472 0 P 0
L 0.7677165 -0.8267716 0.7677165 -0.7086614 0 P 0
L 0.7677165 0.7086614 0.7677165 0.8267716 0 P 0
L 0.7677188 -0.5965497 0.7677188 -0.5845497 0 P 0
L 0.7677188 0.5845533 0.7677188 0.5965533 0 P 0
L 0.7689676 -0.8446503 0.7847156 -0.8446503 0 P 0
L 0.7730349 0.8440062 0.7887829 0.8440062 0 P 0
L 0.7768416 -0.8525243 0.7768416 -0.8367763 0 P 0
L 0.7809089 0.8361322 0.7809089 0.8518802 0 P 0
L 0.7814039 -0.6299198 0.7934039 -0.6299198 0 P 0
L 0.7874039 -0.6359198 0.7874039 -0.6239198 0 P 0
L 0.7917126 0.0472441 0.8067126 0.0472441 0 P 0
L 0.7925963 0.6954649 0.8083443 0.6954649 0 P 0
L 0.7962655 -0.6973344 0.8120135 -0.6973344 0 P 0
L 0.7992126 0.0397441 0.7992126 0.0547441 0 P 0
L 0.8004703 0.6875909 0.8004703 0.7033389 0 P 0
L 0.8041395 -0.7052084 0.8041395 -0.6894604 0 P 0
L 0.8129053 -0.8236912 0.8286533 -0.8236912 0 P 0
L 0.8158172 0.8207793 0.8315652 0.8207793 0 P 0
L 0.8207793 -0.8315652 0.8207793 -0.8158172 0 P 0
L 0.8208507 -0.1655082 0.8358507 -0.1655082 0 P 0
L 0.8236912 0.8129053 0.8236912 0.8286533 0 P 0
L 0.8279068 0.7289757 0.8436548 0.7289757 0 P 0
L 0.8283507 -0.1730082 0.8283507 -0.1580082 0 P 0
L 0.8297764 -0.732645 0.8455244 -0.732645 0 P 0
L 0.8357808 0.7211017 0.8357808 0.7368497 0 P 0
L 0.8361322 -0.7809089 0.8518802 -0.7809089 0 P 0
L 0.8367763 0.7768416 0.8525243 0.7768416 0 P 0
L 0.8376504 -0.740519 0.8376504 -0.724771 0 P 0
L 0.8440062 -0.7887829 0.8440062 -0.7730349 0 P 0
L 0.8446503 0.7689676 0.8446503 0.7847156 0 P 0
L 0.8468307 -0.023622 0.8618307 -0.023622 0 P 0
L 0.8543307 -0.031122 0.8543307 -0.016122 0 P 0
